1,-1,2569,1335,29,28,0.9996792078018188,-1,-1,-1
22,-1,2772,1271,25,28,0.9839794635772705,-1,-1,-1
41,-1,2834,1190,27,30,0.9441999197006226,-1,-1,-1
42,-1,2832,1195,24,26,0.9811369180679321,-1,-1,-1
43,-1,2830,1201,23,25,0.993301510810852,-1,-1,-1
47,-1,2814,1219,25,29,0.9848328232765198,-1,-1,-1
48,-1,2807,1222,25,28,0.9706831574440002,-1,-1,-1
50,-1,2797,1230,21,24,0.9948176741600037,-1,-1,-1
51,-1,2785,1219,28,29,0.9959548711776733,-1,-1,-1
52,-1,2776,1208,26,25,0.9979687333106995,-1,-1,-1
53,-1,2769,1205,25,25,0.9780662059783936,-1,-1,-1
54,-1,2765,1204,25,25,0.9983457326889038,-1,-1,-1
59,-1,2773,1261,29,26,0.9641438722610474,-1,-1,-1
60,-1,2769,1274,35,34,0.9675062298774719,-1,-1,-1
62,-1,2769,1320,34,29,0.9416806697845459,-1,-1,-1
66,-1,2754,1381,41,36,0.9453073143959045,-1,-1,-1
86,-1,2822,1436,26,26,0.9992133378982544,-1,-1,-1
87,-1,2829,1438,29,29,0.9988841414451599,-1,-1,-1
88,-1,2833,1446,28,28,0.9931725859642029,-1,-1,-1
89,-1,2830,1456,30,30,0.9845530986785889,-1,-1,-1
93,-1,2831,1472,31,27,0.9877745509147644,-1,-1,-1
94,-1,2855,1465,29,28,0.9948965907096863,-1,-1,-1
95,-1,2878,1454,27,29,0.9999258518218994,-1,-1,-1
96,-1,2902,1450,32,31,0.9986258745193481,-1,-1,-1
97,-1,2939,1453,33,32,0.9998643398284912,-1,-1,-1
98,-1,2990,1467,27,28,0.9984865188598633,-1,-1,-1
100,-1,3081,1499,25,27,0.9860724210739136,-1,-1,-1
101,-1,3122,1517,26,29,0.9974653720855713,-1,-1,-1
102,-1,3156,1525,26,28,0.9881259202957153,-1,-1,-1
103,-1,3180,1494,23,28,0.9953195452690125,-1,-1,-1
104,-1,3201,1470,26,27,0.9964084029197693,-1,-1,-1
105,-1,3225,1443,23,28,0.9815857410430908,-1,-1,-1
106,-1,3244,1421,26,27,0.9958477020263672,-1,-1,-1
107,-1,3264,1401,33,29,0.9774606227874756,-1,-1,-1
108,-1,3284,1381,30,35,0.9980267882347107,-1,-1,-1
109,-1,3304,1365,30,32,0.9950293898582458,-1,-1,-1
110,-1,3324,1352,35,30,0.9905297160148621,-1,-1,-1
111,-1,3329,1350,30,28,0.9968796968460083,-1,-1,-1
112,-1,3335,1349,30,30,0.9981316924095154,-1,-1,-1
113,-1,3338,1353,28,27,0.9939524531364441,-1,-1,-1
114,-1,3341,1358,25,25,0.9854606986045837,-1,-1,-1
115,-1,3346,1362,26,29,0.9750300049781799,-1,-1,-1
116,-1,3348,1368,26,31,0.9976218342781067,-1,-1,-1
117,-1,3349,1376,28,30,0.9965124726295471,-1,-1,-1
118,-1,3353,1385,27,27,0.9959740042686462,-1,-1,-1
142,-1,3417,1416,29,31,0.96751469373703,-1,-1,-1
144,-1,3419,1417,31,29,0.9577298164367676,-1,-1,-1
145,-1,3422,1416,30,31,0.9733213186264038,-1,-1,-1
146,-1,3427,1418,27,30,0.9615015983581543,-1,-1,-1
147,-1,3428,1418,28,32,0.9515191316604614,-1,-1,-1
148,-1,3428,1420,29,30,0.9464830160140991,-1,-1,-1
155,-1,3429,1417,30,30,0.9798517823219299,-1,-1,-1
156,-1,3426,1414,31,29,0.9756322503089905,-1,-1,-1
157,-1,3425,1410,30,29,0.9827608466148376,-1,-1,-1
158,-1,3424,1410,28,26,0.9908936023712158,-1,-1,-1
159,-1,3425,1406,29,29,0.9854729771614075,-1,-1,-1
160,-1,3425,1405,30,29,0.9860464930534363,-1,-1,-1
184,-1,3403,1391,29,28,0.9898082613945007,-1,-1,-1
185,-1,3399,1381,29,27,0.9927096366882324,-1,-1,-1
216,-1,2838,1194,19,24,0.9614918828010559,-1,-1,-1
217,-1,2840,1195,22,24,0.9552904367446899,-1,-1,-1
220,-1,2741,1613,38,33,0.9709713459014893,-1,-1,-1
221,-1,2740,1617,34,30,0.9878051280975342,-1,-1,-1
226,-1,2817,1617,28,27,0.9629079103469849,-1,-1,-1
227,-1,2818,1615,29,30,0.9804431796073914,-1,-1,-1
228,-1,2816,1614,32,33,0.9754118323326111,-1,-1,-1
235,-1,2865,1214,21,28,0.9537939429283142,-1,-1,-1
236,-1,2866,1215,22,25,0.9710394740104675,-1,-1,-1
237,-1,2867,1213,23,25,0.9906497597694397,-1,-1,-1
238,-1,2869,1214,23,24,0.9438543915748596,-1,-1,-1
246,-1,3311,1048,24,23,0.988436758518219,-1,-1,-1
266,-1,3141,1176,25,24,0.9648065567016602,-1,-1,-1
268,-1,3092,1180,24,24,0.9630376696586609,-1,-1,-1
269,-1,3066,1186,23,26,0.9684063792228699,-1,-1,-1
271,-1,3033,1216,25,26,0.985498309135437,-1,-1,-1
272,-1,3022,1232,29,26,0.9710367918014526,-1,-1,-1
274,-1,3025,1248,31,33,0.9694696068763733,-1,-1,-1
279,-1,3082,1197,22,26,0.9860072135925293,-1,-1,-1
280,-1,3096,1187,26,28,0.9970362186431885,-1,-1,-1
281,-1,3113,1182,27,27,0.9992474317550659,-1,-1,-1
282,-1,3132,1177,23,25,0.9978341460227966,-1,-1,-1
283,-1,3148,1173,23,27,0.998790442943573,-1,-1,-1
284,-1,3164,1172,23,25,0.9986746311187744,-1,-1,-1
285,-1,3179,1172,24,26,0.9975864887237549,-1,-1,-1
286,-1,3195,1174,27,27,0.9983972907066345,-1,-1,-1
287,-1,3198,1174,29,28,0.9885846376419067,-1,-1,-1
291,-1,3146,1167,27,29,0.9812856912612915,-1,-1,-1
292,-1,3131,1171,31,31,0.9984360337257385,-1,-1,-1
293,-1,3111,1174,29,27,0.99907386302948,-1,-1,-1
294,-1,3094,1183,25,22,0.9995525479316711,-1,-1,-1
295,-1,3069,1195,25,26,0.9991981387138367,-1,-1,-1
296,-1,3044,1220,24,25,0.9994297623634338,-1,-1,-1
297,-1,3016,1242,26,29,0.9898737668991089,-1,-1,-1
298,-1,2999,1251,24,26,0.9913719892501831,-1,-1,-1
299,-1,2990,1226,26,25,0.9976897239685059,-1,-1,-1
300,-1,2982,1199,22,24,0.9987214207649231,-1,-1,-1
301,-1,2973,1175,22,23,0.9995232820510864,-1,-1,-1
302,-1,2962,1157,23,22,0.9980766773223877,-1,-1,-1
303,-1,2949,1141,20,22,0.9938931465148926,-1,-1,-1
304,-1,2933,1129,21,22,0.9757733345031738,-1,-1,-1
305,-1,2918,1119,25,21,0.9833072423934937,-1,-1,-1
306,-1,2898,1113,23,23,0.99814772605896,-1,-1,-1
307,-1,2879,1110,23,24,0.999559223651886,-1,-1,-1
308,-1,2855,1110,22,23,0.9995546936988831,-1,-1,-1
309,-1,2828,1116,21,21,0.9938938021659851,-1,-1,-1
310,-1,2798,1126,22,23,0.9940685033798218,-1,-1,-1
311,-1,2764,1149,21,21,0.9977473616600037,-1,-1,-1
312,-1,2735,1173,22,22,0.9989326596260071,-1,-1,-1
313,-1,2704,1200,19,22,0.9936962723731995,-1,-1,-1
314,-1,2674,1219,24,25,0.9874089956283569,-1,-1,-1
316,-1,2647,1175,22,25,0.9537304043769836,-1,-1,-1
317,-1,2633,1157,25,26,0.9976567029953003,-1,-1,-1
318,-1,2621,1141,21,23,0.9984380602836609,-1,-1,-1
319,-1,2608,1126,23,23,0.9995540976524353,-1,-1,-1
320,-1,2594,1112,20,23,0.9891602396965027,-1,-1,-1
321,-1,2580,1100,25,24,0.9958255290985107,-1,-1,-1
322,-1,2563,1093,22,21,0.9880407452583313,-1,-1,-1
323,-1,2552,1084,19,22,0.9658917784690857,-1,-1,-1
330,-1,2406,1078,25,24,0.9567542672157288,-1,-1,-1
331,-1,2376,1087,22,20,0.9698108434677124,-1,-1,-1
332,-1,2344,1095,25,21,0.9734089970588684,-1,-1,-1
333,-1,2313,1114,21,19,0.9925193786621094,-1,-1,-1
334,-1,2281,1130,20,22,0.9962636828422546,-1,-1,-1
335,-1,2252,1148,21,20,0.9919399619102478,-1,-1,-1
336,-1,2221,1168,21,23,0.9799725413322449,-1,-1,-1
337,-1,2203,1164,21,23,0.9976083040237427,-1,-1,-1
338,-1,2189,1140,21,23,0.9874895215034485,-1,-1,-1
339,-1,2174,1121,20,19,0.9904611706733704,-1,-1,-1
340,-1,2159,1099,24,23,0.9981178045272827,-1,-1,-1
378,-1,1583,1105,24,21,0.9917661547660828,-1,-1,-1
386,-1,1522,1077,33,32,0.9956600069999695,-1,-1,-1
387,-1,1523,1085,29,31,0.9639043807983398,-1,-1,-1
389,-1,1535,1141,24,22,0.9622640609741211,-1,-1,-1
390,-1,1542,1171,20,20,0.9563961625099182,-1,-1,-1
392,-1,1552,1163,23,22,0.9944130778312683,-1,-1,-1
393,-1,1550,1144,26,24,0.995581328868866,-1,-1,-1
394,-1,1557,1137,25,21,0.9848296046257019,-1,-1,-1
395,-1,1563,1126,22,24,0.9971043467521667,-1,-1,-1
396,-1,1565,1118,23,21,0.99980229139328,-1,-1,-1
397,-1,1566,1113,24,22,0.9998213648796082,-1,-1,-1
398,-1,1567,1109,25,23,0.9994491934776306,-1,-1,-1
399,-1,1567,1107,26,22,0.9986999034881592,-1,-1,-1
400,-1,1568,1104,28,23,0.9858099818229675,-1,-1,-1
401,-1,1569,1104,28,23,0.9483399391174316,-1,-1,-1
402,-1,1568,1104,28,23,0.962989330291748,-1,-1,-1
403,-1,1565,1106,27,22,0.9951334595680237,-1,-1,-1
404,-1,1562,1112,25,22,0.9988734126091003,-1,-1,-1
405,-1,1559,1119,23,21,0.9989551305770874,-1,-1,-1
406,-1,1553,1134,21,21,0.9905202388763428,-1,-1,-1
407,-1,1547,1148,23,20,0.9738338589668274,-1,-1,-1
409,-1,1544,1209,26,21,0.992206871509552,-1,-1,-1
410,-1,1560,1244,21,22,0.9478254914283752,-1,-1,-1
411,-1,1568,1260,23,24,0.997012734413147,-1,-1,-1
412,-1,1572,1238,22,22,0.995894193649292,-1,-1,-1
413,-1,1573,1215,27,26,0.9998205304145813,-1,-1,-1
414,-1,1581,1203,23,23,0.9996707439422607,-1,-1,-1
415,-1,1583,1195,24,24,0.9998331069946289,-1,-1,-1
416,-1,1583,1191,24,25,0.9998725652694702,-1,-1,-1
417,-1,1581,1191,25,25,0.9998944997787476,-1,-1,-1
418,-1,1579,1194,24,24,0.9999064207077026,-1,-1,-1
419,-1,1570,1198,22,24,0.9994845390319824,-1,-1,-1
420,-1,1554,1195,26,24,0.976504921913147,-1,-1,-1
421,-1,1546,1191,26,24,0.9951257109642029,-1,-1,-1
422,-1,1527,1189,27,21,0.9916942715644836,-1,-1,-1
423,-1,1496,1194,26,22,0.9919108748435974,-1,-1,-1
424,-1,1463,1200,26,22,0.9991426467895508,-1,-1,-1
427,-1,1358,1232,26,20,0.9596763849258423,-1,-1,-1
428,-1,1322,1241,26,22,0.9965292811393738,-1,-1,-1
430,-1,1245,1271,29,28,0.9984550476074219,-1,-1,-1
435,-1,1063,1392,27,27,0.9808721542358398,-1,-1,-1
436,-1,1025,1427,26,24,0.9906348586082458,-1,-1,-1
437,-1,987,1456,26,27,0.985098123550415,-1,-1,-1
439,-1,937,1494,33,31,0.997128427028656,-1,-1,-1
440,-1,917,1507,36,32,0.9967832565307617,-1,-1,-1
441,-1,909,1510,29,33,0.9985408782958984,-1,-1,-1
475,-1,779,1528,30,31,0.9961941242218018,-1,-1,-1
476,-1,759,1541,29,34,0.9998200535774231,-1,-1,-1
477,-1,742,1570,26,31,0.9930410385131836,-1,-1,-1
478,-1,722,1615,28,27,0.9982873797416687,-1,-1,-1
479,-1,706,1606,28,28,0.9990992546081543,-1,-1,-1
480,-1,689,1577,25,30,0.9499487280845642,-1,-1,-1
481,-1,675,1559,29,30,0.9995344877243042,-1,-1,-1
482,-1,666,1546,28,32,0.99896240234375,-1,-1,-1
483,-1,654,1540,28,28,0.9997324347496033,-1,-1,-1
484,-1,644,1531,29,29,0.999771773815155,-1,-1,-1
485,-1,632,1520,26,30,0.9987432360649109,-1,-1,-1
486,-1,616,1510,29,26,0.9990665316581726,-1,-1,-1
487,-1,606,1497,25,29,0.9974319338798523,-1,-1,-1
488,-1,593,1485,27,30,0.9973201155662537,-1,-1,-1
489,-1,583,1480,29,27,0.9995933175086975,-1,-1,-1
490,-1,578,1476,25,28,0.9989001750946045,-1,-1,-1
491,-1,571,1480,25,25,0.9969817996025085,-1,-1,-1
492,-1,563,1489,28,29,0.9897159934043884,-1,-1,-1
493,-1,555,1515,30,27,0.9973391890525818,-1,-1,-1
494,-1,550,1553,27,27,0.9985824823379517,-1,-1,-1
495,-1,535,1532,25,26,0.9980771541595459,-1,-1,-1
496,-1,527,1512,27,26,0.9996793270111084,-1,-1,-1
497,-1,525,1496,27,29,0.999315619468689,-1,-1,-1
498,-1,529,1487,26,26,0.9993575215339661,-1,-1,-1
506,-1,586,1501,25,28,0.9904300570487976,-1,-1,-1
507,-1,591,1516,25,28,0.997701108455658,-1,-1,-1
510,-1,581,1432,35,35,0.9722302556037903,-1,-1,-1
513,-1,591,1412,27,29,0.9639838933944702,-1,-1,-1
515,-1,576,1503,26,27,0.998320996761322,-1,-1,-1
516,-1,566,1479,26,26,0.9853416681289673,-1,-1,-1
519,-1,537,1408,27,27,0.9880858659744263,-1,-1,-1
520,-1,531,1388,24,27,0.9942916631698608,-1,-1,-1
521,-1,523,1366,28,33,0.9817325472831726,-1,-1,-1
547,-1,399,1469,30,27,0.9963663816452026,-1,-1,-1
548,-1,398,1472,25,26,0.998225748538971,-1,-1,-1
549,-1,398,1475,26,26,0.9881618618965149,-1,-1,-1
580,-1,775,1308,30,29,0.9981290698051453,-1,-1,-1
581,-1,796,1327,27,29,0.9946368336677551,-1,-1,-1
582,-1,824,1358,25,23,0.9979606866836548,-1,-1,-1
583,-1,853,1385,22,24,0.9874148964881897,-1,-1,-1
