0,-1,3122.0,1391.0,49.0,49.0,1.0,-1,-1,-1
1,-1,3126.0,1384.0,49.0,49.0,1.0,-1,-1,-1
2,-1,3131.0,1373.0,49.0,49.0,1.0,-1,-1,-1
3,-1,3136.0,1363.0,49.0,49.0,1.0,-1,-1,-1
4,-1,3135.0,1363.0,49.0,49.0,1.0,-1,-1,-1
5,-1,3133.0,1348.0,57.0,53.0,1.0,-1,-1,-1
6,-1,3142.0,1344.0,54.0,50.0,1.0,-1,-1,-1
7,-1,3157.0,1334.0,48.0,49.0,1.0,-1,-1,-1
8,-1,3166.0,1326.0,51.0,51.0,1.0,-1,-1,-1
9,-1,3179.0,1318.0,51.0,56.0,1.0,-1,-1,-1
10,-1,3179.0,1318.0,51.0,56.0,1.0,-1,-1,-1
11,-1,3194.0,1310.0,50.0,55.0,1.0,-1,-1,-1
12,-1,3212.0,1301.0,51.0,56.0,1.0,-1,-1,-1
13,-1,3232.0,1293.0,53.0,58.0,1.0,-1,-1,-1
14,-1,3249.0,1287.0,51.0,48.0,1.0,-1,-1,-1
15,-1,3268.0,1284.0,49.0,48.0,1.0,-1,-1,-1
16,-1,3268.0,1284.0,49.0,48.0,1.0,-1,-1,-1
17,-1,3284.0,1284.0,49.0,50.0,1.0,-1,-1,-1
18,-1,3302.0,1289.0,47.0,47.0,1.0,-1,-1,-1
19,-1,3317.0,1294.0,48.0,47.0,1.0,-1,-1,-1
20,-1,3334.0,1301.0,45.0,48.0,1.0,-1,-1,-1
21,-1,3347.0,1309.0,47.0,49.0,1.0,-1,-1,-1
22,-1,3347.0,1309.0,47.0,49.0,1.0,-1,-1,-1
23,-1,3360.0,1321.0,48.0,47.0,1.0,-1,-1,-1
24,-1,3373.0,1331.0,50.0,49.0,1.0,-1,-1,-1
25,-1,3385.0,1342.0,51.0,53.0,1.0,-1,-1,-1
26,-1,3400.0,1358.0,48.0,51.0,1.0,-1,-1,-1
27,-1,3412.0,1375.0,47.0,50.0,1.0,-1,-1,-1
28,-1,3412.0,1376.0,46.0,49.0,1.0,-1,-1,-1
29,-1,3424.0,1395.0,45.0,48.0,1.0,-1,-1,-1
30,-1,3432.0,1416.0,48.0,47.0,1.0,-1,-1,-1
31,-1,3444.0,1437.0,43.0,45.0,1.0,-1,-1,-1
32,-1,3453.0,1446.0,44.0,45.0,1.0,-1,-1,-1
33,-1,3462.0,1419.0,48.0,47.0,1.0,-1,-1,-1
34,-1,3462.0,1419.0,48.0,47.0,1.0,-1,-1,-1
35,-1,3474.0,1396.0,45.0,44.0,1.0,-1,-1,-1
36,-1,3485.0,1373.0,46.0,45.0,1.0,-1,-1,-1
37,-1,3493.0,1353.0,47.0,46.0,1.0,-1,-1,-1
38,-1,3504.0,1336.0,46.0,45.0,1.0,-1,-1,-1
39,-1,3513.0,1320.0,44.0,43.0,1.0,-1,-1,-1
40,-1,3512.0,1318.0,47.0,46.0,1.0,-1,-1,-1
41,-1,3519.0,1304.0,48.0,47.0,1.0,-1,-1,-1
42,-1,3528.0,1292.0,47.0,46.0,1.0,-1,-1,-1
43,-1,3534.0,1281.0,47.0,46.0,1.0,-1,-1,-1
44,-1,3542.0,1272.0,46.0,45.0,1.0,-1,-1,-1
45,-1,3538.0,1267.0,45.0,44.0,1.0,-1,-1,-1
46,-1,3537.0,1268.0,43.0,42.0,1.0,-1,-1,-1
47,-1,3557.0,1264.0,44.0,43.0,1.0,-1,-1,-1
48,-1,3561.0,1260.0,46.0,45.0,1.0,-1,-1,-1
49,-1,3560.0,1260.0,45.0,44.0,1.0,-1,-1,-1
50,-1,3557.0,1262.0,48.0,47.0,1.0,-1,-1,-1
51,-1,3552.0,1269.0,45.0,44.0,1.0,-1,-1,-1
52,-1,3553.0,1268.0,46.0,45.0,1.0,-1,-1,-1
53,-1,3545.0,1273.0,47.0,46.0,1.0,-1,-1,-1
54,-1,3540.0,1281.0,45.0,44.0,1.0,-1,-1,-1
55,-1,3535.0,1286.0,44.0,43.0,1.0,-1,-1,-1
56,-1,3530.0,1284.0,44.0,43.0,1.0,-1,-1,-1
57,-1,3525.0,1278.0,45.0,44.0,1.0,-1,-1,-1
58,-1,3525.0,1277.0,45.0,44.0,1.0,-1,-1,-1
59,-1,3520.0,1268.0,45.0,44.0,1.0,-1,-1,-1
60,-1,3519.0,1258.0,45.0,44.0,1.0,-1,-1,-1
61,-1,3515.0,1248.0,45.0,44.0,1.0,-1,-1,-1
62,-1,3514.0,1238.0,45.0,44.0,1.0,-1,-1,-1
63,-1,3514.0,1231.0,44.0,43.0,1.0,-1,-1,-1
64,-1,3515.0,1231.0,44.0,43.0,1.0,-1,-1,-1
65,-1,3515.0,1225.0,45.0,44.0,1.0,-1,-1,-1
66,-1,3516.0,1220.0,44.0,43.0,1.0,-1,-1,-1
67,-1,3517.0,1216.0,44.0,43.0,1.0,-1,-1,-1
68,-1,3518.0,1211.0,44.0,43.0,1.0,-1,-1,-1
69,-1,3518.0,1210.0,44.0,43.0,1.0,-1,-1,-1
70,-1,3518.0,1209.0,44.0,43.0,1.0,-1,-1,-1
71,-1,3517.0,1206.0,45.0,44.0,1.0,-1,-1,-1
72,-1,3517.0,1205.0,45.0,44.0,1.0,-1,-1,-1
73,-1,3516.0,1204.0,45.0,44.0,1.0,-1,-1,-1
74,-1,3516.0,1203.0,44.0,43.0,1.0,-1,-1,-1
75,-1,3515.0,1203.0,44.0,43.0,1.0,-1,-1,-1
76,-1,3515.0,1202.0,45.0,44.0,1.0,-1,-1,-1
77,-1,3511.0,1201.0,45.0,44.0,1.0,-1,-1,-1
78,-1,3507.0,1200.0,45.0,44.0,1.0,-1,-1,-1
79,-1,3501.0,1196.0,45.0,44.0,1.0,-1,-1,-1
80,-1,3492.0,1188.0,45.0,44.0,1.0,-1,-1,-1
81,-1,3476.0,1172.0,45.0,44.0,1.0,-1,-1,-1
82,-1,3476.0,1172.0,45.0,44.0,1.0,-1,-1,-1
83,-1,3450.0,1150.0,47.0,49.0,1.0,-1,-1,-1
84,-1,3426.0,1135.0,48.0,50.0,1.0,-1,-1,-1
85,-1,3401.0,1121.0,47.0,49.0,1.0,-1,-1,-1
86,-1,3377.6666666666665,1117.9166666666667,47.0,49.0,1,-1,-1,-1
87,-1,3354.3333333333335,1114.8333333333333,47.0,49.0,1,-1,-1,-1
88,-1,3331.0,1111.75,47.0,49.0,1,-1,-1,-1
89,-1,3307.6666666666665,1108.6666666666667,47.0,49.0,1,-1,-1,-1
90,-1,3284.3333333333335,1105.5833333333333,47.0,49.0,1,-1,-1,-1
91,-1,3261.0,1102.5,47.0,49.0,1,-1,-1,-1
92,-1,3237.6666666666665,1099.4166666666667,47.0,49.0,1,-1,-1,-1
93,-1,3214.3333333333335,1096.3333333333333,47.0,49.0,1,-1,-1,-1
94,-1,3191.0,1093.25,47.0,49.0,1,-1,-1,-1
95,-1,3167.6666666666665,1090.1666666666667,47.0,49.0,1,-1,-1,-1
96,-1,3144.3333333333335,1087.0833333333333,47.0,49.0,1,-1,-1,-1
97,-1,3121.0,1084.0,49.0,48.0,1.0,-1,-1,-1
98,-1,3092.0,1092.0,46.0,49.0,1.0,-1,-1,-1
99,-1,3060.0,1102.0,46.0,47.0,1.0,-1,-1,-1
100,-1,3060.0,1102.0,46.0,47.0,1.0,-1,-1,-1
101,-1,3028.0,1114.0,48.0,47.0,1.0,-1,-1,-1
102,-1,2996.0,1127.0,46.0,48.0,1.0,-1,-1,-1
103,-1,2964.0,1143.0,47.0,48.0,1.0,-1,-1,-1
104,-1,2932.0,1161.0,47.0,48.0,1.0,-1,-1,-1
105,-1,2900.0,1177.0,47.0,50.0,1.0,-1,-1,-1
106,-1,2900.0,1177.0,47.0,50.0,1.0,-1,-1,-1
107,-1,2867.0,1203.0,47.0,53.0,1.0,-1,-1,-1
108,-1,2863.0,1223.0,48.0,54.0,1.0,-1,-1,-1
109,-1,2864.0,1231.0,46.0,52.0,1.0,-1,-1,-1
110,-1,2765.0,1285.0,50.0,44.0,1.0,-1,-1,-1
111,-1,2767.0,1286.0,47.0,41.0,1.0,-1,-1,-1
112,-1,2768.0,1287.0,45.0,40.0,1.0,-1,-1,-1
113,-1,2694.0,1345.0,49.0,53.0,1.0,-1,-1,-1
114,-1,2661.0,1385.0,47.0,48.0,1.0,-1,-1,-1
115,-1,2628.0,1421.0,46.0,47.0,1.0,-1,-1,-1
116,-1,2589.0,1463.0,46.0,48.0,1.0,-1,-1,-1
117,-1,2557.0,1503.0,47.0,48.0,1.0,-1,-1,-1
118,-1,2557.0,1503.0,47.0,48.0,1.0,-1,-1,-1
119,-1,2523.0,1543.0,45.0,48.0,1.0,-1,-1,-1
120,-1,2494.0,1564.0,48.0,51.0,1.0,-1,-1,-1
121,-1,2479.0,1536.0,49.0,49.0,1.0,-1,-1,-1
122,-1,2464.0,1509.0,49.0,51.0,1.0,-1,-1,-1
123,-1,2448.0,1483.0,47.0,51.0,1.0,-1,-1,-1
124,-1,2448.0,1483.0,47.0,51.0,1.0,-1,-1,-1
125,-1,2435.0,1464.0,45.0,48.0,1.0,-1,-1,-1
126,-1,2416.0,1441.0,50.0,50.0,1.0,-1,-1,-1
127,-1,2401.0,1421.0,49.0,51.0,1.0,-1,-1,-1
128,-1,2384.0,1405.0,47.0,51.0,1.0,-1,-1,-1
129,-1,2369.0,1389.0,48.0,52.0,1.0,-1,-1,-1
130,-1,2369.0,1389.0,48.0,52.0,1.0,-1,-1,-1
131,-1,2349.0,1376.0,52.0,53.0,1.0,-1,-1,-1
132,-1,2335.0,1365.0,48.0,52.0,1.0,-1,-1,-1
133,-1,2318.0,1356.0,50.0,51.0,1.0,-1,-1,-1
134,-1,2301.0,1352.0,49.0,50.0,1.0,-1,-1,-1
135,-1,2284.0,1346.0,50.0,52.0,1.0,-1,-1,-1
136,-1,2284.0,1346.0,50.0,52.0,1.0,-1,-1,-1
137,-1,2266.0,1344.0,51.0,51.0,1.0,-1,-1,-1
138,-1,2253.0,1346.0,47.0,51.0,1.0,-1,-1,-1
139,-1,2244.0,1342.0,48.0,51.0,1.0,-1,-1,-1
140,-1,2242.0,1342.0,50.0,51.0,1.0,-1,-1,-1
141,-1,2243.0,1346.0,48.0,51.0,1.0,-1,-1,-1
142,-1,2243.0,1346.0,48.0,51.0,1.0,-1,-1,-1
143,-1,2245.0,1353.0,47.0,51.0,1.0,-1,-1,-1
144,-1,2250.0,1361.0,48.0,54.0,1.0,-1,-1,-1
145,-1,2253.0,1371.0,50.0,56.0,1.0,-1,-1,-1
146,-1,2256.0,1384.0,51.0,59.0,1.0,-1,-1,-1
147,-1,2260.0,1398.0,51.0,55.0,1.0,-1,-1,-1
148,-1,2260.0,1398.0,51.0,55.0,1.0,-1,-1,-1
149,-1,2267.0,1410.0,51.0,54.0,1.0,-1,-1,-1
150,-1,2269.0,1428.0,50.0,53.0,1.0,-1,-1,-1
151,-1,2271.0,1445.0,51.0,53.0,1.0,-1,-1,-1
152,-1,2275.0,1465.0,50.0,51.0,1.0,-1,-1,-1
153,-1,2277.0,1484.0,52.0,53.0,1.0,-1,-1,-1
154,-1,2276.0,1484.0,53.0,54.0,1.0,-1,-1,-1
155,-1,2279.0,1509.0,52.0,51.0,1.0,-1,-1,-1
156,-1,2282.0,1535.0,52.0,52.0,1.0,-1,-1,-1
157,-1,2281.0,1562.0,55.0,52.0,1.0,-1,-1,-1
158,-1,2283.0,1593.0,55.0,51.0,1.0,-1,-1,-1
159,-1,2284.0,1625.0,56.0,50.0,1.0,-1,-1,-1
160,-1,2284.0,1625.0,56.0,50.0,1.0,-1,-1,-1
161,-1,2285.0,1658.0,55.0,52.0,1.0,-1,-1,-1
162,-1,2286.0,1637.0,54.0,53.0,1.0,-1,-1,-1
163,-1,2289.0,1621.0,54.0,51.0,1.0,-1,-1,-1
164,-1,2292.0,1609.0,49.0,47.0,1.0,-1,-1,-1
165,-1,2296.0,1586.0,51.0,50.0,1.0,-1,-1,-1
166,-1,2296.0,1586.0,51.0,50.0,1.0,-1,-1,-1
167,-1,2291.0,1573.0,56.0,53.0,1.0,-1,-1,-1
168,-1,2294.0,1559.0,55.0,55.0,1.0,-1,-1,-1
169,-1,2298.0,1550.0,54.0,54.0,1.0,-1,-1,-1
170,-1,2305.0,1550.0,51.0,51.0,1.0,-1,-1,-1
171,-1,2309.0,1551.0,52.0,50.0,1.0,-1,-1,-1
172,-1,2309.0,1551.0,52.0,50.0,1.0,-1,-1,-1
173,-1,2313.0,1551.0,53.0,52.0,1.0,-1,-1,-1
174,-1,2316.0,1551.0,53.0,52.0,1.0,-1,-1,-1
175,-1,2321.0,1550.0,53.0,52.0,1.0,-1,-1,-1
176,-1,2324.0,1549.0,53.0,50.0,1.0,-1,-1,-1
177,-1,2328.0,1544.0,55.0,51.0,1.0,-1,-1,-1
178,-1,2328.0,1544.0,55.0,51.0,1.0,-1,-1,-1
179,-1,2335.0,1539.0,54.0,52.0,1.0,-1,-1,-1
180,-1,2339.0,1535.0,54.0,51.0,1.0,-1,-1,-1
181,-1,2340.0,1530.0,56.0,54.0,1.0,-1,-1,-1
182,-1,2342.0,1528.0,56.0,55.0,1.0,-1,-1,-1
183,-1,2340.0,1525.0,59.0,57.0,1.0,-1,-1,-1
184,-1,2340.0,1525.0,59.0,57.0,1.0,-1,-1,-1
185,-1,2342.0,1522.0,59.0,57.0,1.0,-1,-1,-1
186,-1,2342.0,1525.0,57.0,57.0,1.0,-1,-1,-1
187,-1,2342.0,1525.0,55.0,57.0,1.0,-1,-1,-1
188,-1,2343.0,1525.0,51.0,55.0,1.0,-1,-1,-1
189,-1,2340.0,1526.0,50.0,53.0,1.0,-1,-1,-1
190,-1,2340.0,1526.0,50.0,53.0,1.0,-1,-1,-1
191,-1,2338.0,1528.0,48.0,49.0,1.0,-1,-1,-1
192,-1,2336.0,1530.0,47.0,48.0,1.0,-1,-1,-1
193,-1,2334.0,1531.0,46.0,47.0,1.0,-1,-1,-1
194,-1,2332.0,1532.0,46.0,47.0,1.0,-1,-1,-1
195,-1,2332.0,1533.0,45.0,46.0,1.0,-1,-1,-1
196,-1,2332.0,1533.0,45.0,46.0,1.0,-1,-1,-1
197,-1,2331.0,1534.0,46.0,46.0,1.0,-1,-1,-1
198,-1,2328.0,1534.0,47.0,47.0,1.0,-1,-1,-1
199,-1,2327.0,1534.0,48.0,47.0,1.0,-1,-1,-1
200,-1,2328.0,1534.0,49.0,50.0,1.0,-1,-1,-1
201,-1,2325.0,1535.0,53.0,52.0,1.0,-1,-1,-1
202,-1,2325.0,1535.0,53.0,52.0,1.0,-1,-1,-1
203,-1,2326.0,1539.0,54.0,56.0,1.0,-1,-1,-1
204,-1,2326.0,1547.0,56.0,56.0,1.0,-1,-1,-1
205,-1,2328.0,1555.0,55.0,57.0,1.0,-1,-1,-1
206,-1,2326.0,1561.0,56.0,57.0,1.0,-1,-1,-1
207,-1,2324.0,1567.0,55.0,55.0,1.0,-1,-1,-1
208,-1,2324.0,1567.0,55.0,55.0,1.0,-1,-1,-1
209,-1,2322.0,1573.0,56.0,54.0,1.0,-1,-1,-1
210,-1,2319.0,1578.0,56.0,53.0,1.0,-1,-1,-1
211,-1,2316.0,1582.0,54.0,53.0,1.0,-1,-1,-1
212,-1,2313.0,1584.0,55.0,51.0,1.0,-1,-1,-1
213,-1,2310.0,1585.0,56.0,54.0,1.0,-1,-1,-1
214,-1,2310.0,1585.0,56.0,54.0,1.0,-1,-1,-1
215,-1,2308.0,1586.0,55.0,54.0,1.0,-1,-1,-1
216,-1,2304.0,1588.0,57.0,54.0,1.0,-1,-1,-1
217,-1,2300.0,1588.0,57.0,56.0,1.0,-1,-1,-1
218,-1,2298.0,1590.0,55.0,54.0,1.0,-1,-1,-1
219,-1,2295.0,1591.0,54.0,54.0,1.0,-1,-1,-1
220,-1,2295.0,1591.0,54.0,53.0,1.0,-1,-1,-1
221,-1,2291.0,1592.0,56.0,53.0,1.0,-1,-1,-1
222,-1,2286.0,1593.0,56.0,54.0,1.0,-1,-1,-1
223,-1,2282.0,1595.0,56.0,55.0,1.0,-1,-1,-1
224,-1,2279.0,1596.0,56.0,58.0,1.0,-1,-1,-1
225,-1,2275.0,1600.0,56.0,58.0,1.0,-1,-1,-1
226,-1,2275.0,1600.0,56.0,58.0,1.0,-1,-1,-1
227,-1,2268.0,1605.0,58.0,57.0,1.0,-1,-1,-1
228,-1,2264.0,1609.0,55.0,54.0,1.0,-1,-1,-1
229,-1,2260.0,1614.0,53.0,54.0,1.0,-1,-1,-1
230,-1,2252.0,1616.0,57.0,57.0,1.0,-1,-1,-1
231,-1,2247.0,1619.0,57.0,58.0,1.0,-1,-1,-1
232,-1,2247.0,1619.0,57.0,58.0,1.0,-1,-1,-1
233,-1,2244.0,1623.0,55.0,55.0,1.0,-1,-1,-1
234,-1,2239.0,1621.0,57.0,59.0,1.0,-1,-1,-1
235,-1,2235.0,1624.0,56.0,57.0,1.0,-1,-1,-1
236,-1,2228.0,1625.0,60.0,58.0,1.0,-1,-1,-1
237,-1,2223.0,1627.0,59.0,58.0,1.0,-1,-1,-1
238,-1,2223.0,1627.0,59.0,58.0,1.0,-1,-1,-1
239,-1,2218.0,1628.0,58.0,59.0,1.0,-1,-1,-1
240,-1,2212.0,1630.0,59.0,60.0,1.0,-1,-1,-1
241,-1,2208.0,1634.0,55.0,57.0,1.0,-1,-1,-1
242,-1,2204.0,1634.0,55.0,55.0,1.0,-1,-1,-1
243,-1,2198.0,1634.0,56.0,55.0,1.0,-1,-1,-1
244,-1,2198.0,1634.0,56.0,55.0,1.0,-1,-1,-1
245,-1,2192.0,1635.0,56.0,54.0,1.0,-1,-1,-1
246,-1,2185.0,1635.0,55.0,55.0,1.0,-1,-1,-1
247,-1,2179.0,1634.0,56.0,56.0,1.0,-1,-1,-1
248,-1,2174.0,1634.0,55.0,55.0,1.0,-1,-1,-1
249,-1,2168.0,1635.0,56.0,55.0,1.0,-1,-1,-1
250,-1,2168.0,1635.0,56.0,55.0,1.0,-1,-1,-1
251,-1,2162.0,1637.0,54.0,55.0,1.0,-1,-1,-1
252,-1,2157.0,1637.0,53.0,55.0,1.0,-1,-1,-1
253,-1,2148.0,1636.0,58.0,57.0,1.0,-1,-1,-1
254,-1,2145.0,1635.0,53.0,57.0,1.0,-1,-1,-1
255,-1,2137.0,1635.0,57.0,57.0,1.0,-1,-1,-1
256,-1,2137.0,1635.0,57.0,56.0,1.0,-1,-1,-1
257,-1,2133.0,1634.0,55.0,57.0,1.0,-1,-1,-1
258,-1,2129.0,1634.0,55.0,56.0,1.0,-1,-1,-1
259,-1,2122.0,1635.0,59.0,55.0,1.0,-1,-1,-1
260,-1,2118.0,1634.0,59.0,58.0,1.0,-1,-1,-1
261,-1,2115.0,1635.0,57.0,58.0,1.0,-1,-1,-1
262,-1,2115.0,1635.0,57.0,58.0,1.0,-1,-1,-1
263,-1,2114.0,1636.0,56.0,57.0,1.0,-1,-1,-1
264,-1,2111.0,1638.0,54.0,55.0,1.0,-1,-1,-1
265,-1,2101.0,1634.0,60.0,59.0,1.0,-1,-1,-1
266,-1,2098.0,1638.0,56.0,55.0,1.0,-1,-1,-1
267,-1,2095.0,1639.0,55.0,54.0,1.0,-1,-1,-1
268,-1,2095.0,1638.0,55.0,55.0,1.0,-1,-1,-1
269,-1,2092.0,1640.0,52.0,54.0,1.0,-1,-1,-1
270,-1,2089.0,1642.0,50.0,53.0,1.0,-1,-1,-1
271,-1,2080.0,1643.0,55.0,55.0,1.0,-1,-1,-1
272,-1,2073.0,1645.0,58.0,54.0,1.0,-1,-1,-1
273,-1,2068.0,1646.0,58.0,55.0,1.0,-1,-1,-1
274,-1,2068.0,1646.0,58.0,55.0,1.0,-1,-1,-1
275,-1,2062.0,1646.0,59.0,54.0,1.0,-1,-1,-1
276,-1,2057.0,1646.0,59.0,56.0,1.0,-1,-1,-1
277,-1,2055.0,1646.0,57.0,54.0,1.0,-1,-1,-1
278,-1,2050.0,1646.0,59.0,55.0,1.0,-1,-1,-1
279,-1,2046.0,1644.0,60.0,57.0,1.0,-1,-1,-1
280,-1,2046.0,1644.0,60.0,57.0,1.0,-1,-1,-1
281,-1,2042.0,1642.0,60.0,58.0,1.0,-1,-1,-1
282,-1,2039.0,1643.0,59.0,55.0,1.0,-1,-1,-1
283,-1,2039.0,1642.0,56.0,55.0,1.0,-1,-1,-1
284,-1,2036.0,1640.0,55.0,56.0,1.0,-1,-1,-1
285,-1,2034.0,1638.0,55.0,57.0,1.0,-1,-1,-1
286,-1,2034.0,1638.0,55.0,57.0,1.0,-1,-1,-1
287,-1,2031.0,1637.0,55.0,58.0,1.0,-1,-1,-1
288,-1,2029.0,1636.0,55.0,58.0,1.0,-1,-1,-1
289,-1,2027.0,1634.0,55.0,58.0,1.0,-1,-1,-1
290,-1,2026.0,1633.0,53.0,57.0,1.0,-1,-1,-1
291,-1,2025.0,1630.0,55.0,58.0,1.0,-1,-1,-1
292,-1,2025.0,1630.0,55.0,58.0,1.0,-1,-1,-1
293,-1,2023.0,1626.0,53.0,59.0,1.0,-1,-1,-1
294,-1,2019.0,1624.0,55.0,60.0,1.0,-1,-1,-1
295,-1,2015.0,1621.0,58.0,63.0,1.0,-1,-1,-1
296,-1,2011.0,1620.0,58.0,60.0,1.0,-1,-1,-1
297,-1,2009.0,1620.0,59.0,58.0,1.0,-1,-1,-1
298,-1,2009.0,1620.0,59.0,58.0,1.0,-1,-1,-1
299,-1,2007.0,1618.0,56.0,58.0,1.0,-1,-1,-1
300,-1,2005.0,1617.0,56.0,58.0,1.0,-1,-1,-1
301,-1,2004.0,1615.0,56.0,58.0,1.0,-1,-1,-1
302,-1,2002.0,1614.0,57.0,58.0,1.0,-1,-1,-1
303,-1,2001.0,1612.0,56.0,58.0,1.0,-1,-1,-1
304,-1,2001.0,1612.0,57.0,58.0,1.0,-1,-1,-1
305,-1,1999.0,1611.0,58.0,58.0,1.0,-1,-1,-1
306,-1,1998.0,1610.0,59.0,59.0,1.0,-1,-1,-1
307,-1,1997.0,1609.0,59.0,59.0,1.0,-1,-1,-1
308,-1,1998.0,1608.0,58.0,59.0,1.0,-1,-1,-1
309,-1,1997.0,1608.0,59.0,58.0,1.0,-1,-1,-1
310,-1,1997.0,1608.0,59.0,58.0,1.0,-1,-1,-1
311,-1,1997.0,1607.0,60.0,59.0,1.0,-1,-1,-1
312,-1,1998.0,1606.0,59.0,60.0,1.0,-1,-1,-1
313,-1,1998.0,1606.0,60.0,59.0,1.0,-1,-1,-1
314,-1,1999.0,1606.0,59.0,59.0,1.0,-1,-1,-1
315,-1,1999.0,1606.0,59.0,59.0,1.0,-1,-1,-1
316,-1,2001.0,1607.0,57.0,58.0,1.0,-1,-1,-1
317,-1,2001.0,1607.0,59.0,57.0,1.0,-1,-1,-1
318,-1,2005.0,1608.0,55.0,55.0,1.0,-1,-1,-1
319,-1,2009.0,1609.0,54.0,55.0,1.0,-1,-1,-1
320,-1,2012.0,1609.0,57.0,56.0,1.0,-1,-1,-1
321,-1,2012.0,1609.0,57.0,56.0,1.0,-1,-1,-1
322,-1,2019.0,1608.0,57.0,56.0,1.0,-1,-1,-1
323,-1,2026.0,1609.0,56.0,55.0,1.0,-1,-1,-1
324,-1,2034.0,1607.0,56.0,55.0,1.0,-1,-1,-1
325,-1,2043.0,1606.0,53.0,54.0,1.0,-1,-1,-1
326,-1,2054.0,1603.0,53.0,53.0,1.0,-1,-1,-1
327,-1,2054.0,1603.0,54.0,53.0,1.0,-1,-1,-1
328,-1,2062.0,1597.0,55.0,54.0,1.0,-1,-1,-1
329,-1,2071.0,1591.0,53.0,55.0,1.0,-1,-1,-1
330,-1,2079.0,1584.0,56.0,56.0,1.0,-1,-1,-1
331,-1,2087.0,1577.0,55.0,55.0,1.0,-1,-1,-1
332,-1,2087.0,1563.0,55.0,55.0,1.0,-1,-1,-1
333,-1,2087.0,1563.0,55.0,55.0,1.0,-1,-1,-1
334,-1,2078.0,1550.0,55.0,57.0,1.0,-1,-1,-1
335,-1,2073.0,1543.0,51.0,55.0,1.0,-1,-1,-1
336,-1,2071.0,1540.0,52.0,55.0,1.0,-1,-1,-1
337,-1,2077.0,1543.0,53.0,57.0,1.0,-1,-1,-1
338,-1,2103.0,1552.0,51.0,55.0,1.0,-1,-1,-1
339,-1,2103.0,1552.0,51.0,55.0,1.0,-1,-1,-1
340,-1,2136.0,1566.0,54.0,55.0,1.0,-1,-1,-1
341,-1,2174.0,1585.0,52.0,54.0,1.0,-1,-1,-1
342,-1,2210.0,1607.0,51.0,55.0,1.0,-1,-1,-1
343,-1,2249.0,1627.0,52.0,59.0,1.0,-1,-1,-1
344,-1,2281.0,1654.0,54.0,56.0,1.0,-1,-1,-1
345,-1,2281.0,1654.0,54.0,56.0,1.0,-1,-1,-1
346,-1,2315.0,1682.0,54.0,54.0,1.0,-1,-1,-1
347,-1,2350.0,1710.0,56.0,55.0,1.0,-1,-1,-1
348,-1,2384.0,1740.0,55.0,58.0,1.0,-1,-1,-1
349,-1,2419.0,1774.0,54.0,54.0,1.0,-1,-1,-1
350,-1,2445.0,1779.0,53.0,55.0,1.0,-1,-1,-1
351,-1,2445.0,1779.0,53.0,55.0,1.0,-1,-1,-1
352,-1,2469.0,1757.0,55.0,55.0,1.0,-1,-1,-1
353,-1,2494.0,1734.0,53.0,58.0,1.0,-1,-1,-1
354,-1,2515.0,1717.0,53.0,53.0,1.0,-1,-1,-1
355,-1,2538.0,1700.0,53.0,53.0,1.0,-1,-1,-1
356,-1,2560.0,1684.0,55.0,55.0,1.0,-1,-1,-1
357,-1,2560.0,1684.0,55.0,55.0,1.0,-1,-1,-1
358,-1,2584.0,1672.0,54.0,55.0,1.0,-1,-1,-1
359,-1,2609.0,1662.0,53.0,55.0,1.0,-1,-1,-1
360,-1,2631.0,1653.0,53.0,56.0,1.0,-1,-1,-1
361,-1,2648.0,1645.0,53.0,57.0,1.0,-1,-1,-1
362,-1,2659.0,1629.0,58.0,65.0,1.0,-1,-1,-1
363,-1,2659.0,1629.0,58.0,65.0,1.0,-1,-1,-1
364,-1,2670.0,1621.0,58.0,65.0,1.0,-1,-1,-1
365,-1,2687.0,1609.0,58.0,65.0,1.0,-1,-1,-1
366,-1,2661.0,1628.0,59.0,66.0,1.0,-1,-1,-1
367,-1,2661.0,1628.0,59.0,66.0,1.0,-1,-1,-1
368,-1,2662.0,1628.0,59.0,66.0,1.0,-1,-1,-1
369,-1,2661.0,1628.0,59.0,66.0,1.0,-1,-1,-1
370,-1,2662.0,1629.0,57.0,64.0,1.0,-1,-1,-1
371,-1,2661.0,1630.0,56.0,62.0,1.0,-1,-1,-1
372,-1,2662.0,1629.0,58.0,65.0,1.0,-1,-1,-1
373,-1,2783.0,1593.0,42.0,47.0,1.0,-1,-1,-1
374,-1,2785.0,1592.0,42.0,47.0,1.0,-1,-1,-1
375,-1,2785.0,1592.0,42.0,47.0,1.0,-1,-1,-1
376,-1,2788.0,1592.0,43.0,47.0,1.0,-1,-1,-1
377,-1,2789.0,1592.0,44.0,47.0,1.0,-1,-1,-1
378,-1,2789.0,1590.0,44.0,47.0,1.0,-1,-1,-1
379,-1,2788.0,1589.0,43.0,46.0,1.0,-1,-1,-1
380,-1,2788.0,1589.0,43.0,46.0,1.0,-1,-1,-1
381,-1,2788.0,1589.0,43.0,46.0,1.0,-1,-1,-1
382,-1,2789.0,1591.0,41.0,44.0,1.0,-1,-1,-1
383,-1,2790.0,1598.0,42.0,45.0,1.0,-1,-1,-1
384,-1,2790.0,1598.0,42.0,45.0,1.0,-1,-1,-1
385,-1,2791.0,1597.0,43.0,46.0,1.0,-1,-1,-1
386,-1,2791.0,1595.0,44.0,47.0,1.0,-1,-1,-1
387,-1,2791.0,1594.0,45.0,48.0,1.0,-1,-1,-1
388,-1,2792.0,1594.0,44.0,47.0,1.0,-1,-1,-1
389,-1,2793.0,1593.0,43.0,46.0,1.0,-1,-1,-1
390,-1,2791.0,1593.0,43.0,46.0,1.0,-1,-1,-1
391,-1,2791.0,1593.0,43.0,46.0,1.0,-1,-1,-1
392,-1,2789.0,1592.0,43.0,46.0,1.0,-1,-1,-1
393,-1,2789.0,1593.0,43.0,46.0,1.0,-1,-1,-1
394,-1,2788.0,1593.0,43.0,46.0,1.0,-1,-1,-1
395,-1,2786.0,1591.0,43.0,46.0,1.0,-1,-1,-1
396,-1,2783.0,1590.0,44.0,47.0,1.0,-1,-1,-1
397,-1,2781.0,1589.0,43.0,46.0,1.0,-1,-1,-1
398,-1,2777.0,1587.0,44.0,47.0,1.0,-1,-1,-1
399,-1,2778.0,1587.0,44.0,47.0,1.0,-1,-1,-1
400,-1,2774.0,1585.0,44.0,47.0,1.0,-1,-1,-1
401,-1,2771.0,1583.0,43.0,46.0,1.0,-1,-1,-1
402,-1,2768.0,1581.0,43.0,46.0,1.0,-1,-1,-1
403,-1,2764.0,1578.0,44.0,47.0,1.0,-1,-1,-1
404,-1,2761.0,1577.0,44.0,47.0,1.0,-1,-1,-1
405,-1,2761.0,1578.0,44.0,47.0,1.0,-1,-1,-1
406,-1,2758.0,1575.0,43.0,46.0,1.0,-1,-1,-1
407,-1,2756.0,1574.0,43.0,46.0,1.0,-1,-1,-1
408,-1,2754.0,1574.0,42.0,45.0,1.0,-1,-1,-1
409,-1,2754.0,1574.0,41.0,44.0,1.0,-1,-1,-1
410,-1,2751.0,1572.0,41.0,43.0,1.0,-1,-1,-1
411,-1,2751.0,1573.0,41.0,43.0,1.0,-1,-1,-1
412,-1,2750.0,1572.0,41.0,43.0,1.0,-1,-1,-1
413,-1,2748.0,1571.0,41.0,43.0,1.0,-1,-1,-1
414,-1,2748.0,1571.0,41.0,43.0,1.0,-1,-1,-1
415,-1,2746.0,1572.0,41.0,43.0,1.0,-1,-1,-1
416,-1,2744.0,1570.0,41.0,44.0,1.0,-1,-1,-1
417,-1,2744.0,1570.0,41.0,44.0,1.0,-1,-1,-1
418,-1,2743.0,1571.0,41.0,44.0,1.0,-1,-1,-1
419,-1,2741.0,1571.0,41.0,43.0,1.0,-1,-1,-1
420,-1,2741.0,1571.0,41.0,43.0,1.0,-1,-1,-1
421,-1,2740.0,1572.0,41.0,43.0,1.0,-1,-1,-1
422,-1,2740.0,1571.0,41.0,43.0,1.0,-1,-1,-1
423,-1,2740.0,1572.0,41.0,43.0,1.0,-1,-1,-1
424,-1,2740.0,1571.0,41.0,43.0,1.0,-1,-1,-1
425,-1,2739.0,1571.0,41.0,43.0,1.0,-1,-1,-1
426,-1,2739.0,1572.0,41.0,43.0,1.0,-1,-1,-1
427,-1,2739.0,1572.0,41.0,43.0,1.0,-1,-1,-1
428,-1,2739.0,1572.0,41.0,43.0,1.0,-1,-1,-1
429,-1,2739.0,1572.0,41.0,43.0,1.0,-1,-1,-1
430,-1,2739.0,1572.0,41.0,43.0,1.0,-1,-1,-1
431,-1,2740.0,1572.0,41.0,44.0,1.0,-1,-1,-1
432,-1,2742.0,1573.0,41.0,44.0,1.0,-1,-1,-1
433,-1,2745.0,1573.0,41.0,44.0,1.0,-1,-1,-1
434,-1,2746.0,1574.0,41.0,44.0,1.0,-1,-1,-1
435,-1,2746.0,1575.0,41.0,44.0,1.0,-1,-1,-1
436,-1,2749.0,1575.0,41.0,44.0,1.0,-1,-1,-1
437,-1,2752.0,1575.0,41.0,44.0,1.0,-1,-1,-1
438,-1,2753.0,1577.0,41.0,44.0,1.0,-1,-1,-1
439,-1,2757.0,1578.0,41.0,44.0,1.0,-1,-1,-1
440,-1,2759.0,1578.0,41.0,44.0,1.0,-1,-1,-1
441,-1,2759.0,1578.0,41.0,44.0,1.0,-1,-1,-1
442,-1,2761.0,1579.0,41.0,44.0,1.0,-1,-1,-1
443,-1,2763.0,1578.0,41.0,44.0,1.0,-1,-1,-1
444,-1,2764.0,1578.0,41.0,44.0,1.0,-1,-1,-1
445,-1,2765.0,1578.0,41.0,44.0,1.0,-1,-1,-1
446,-1,2767.0,1579.0,41.0,44.0,1.0,-1,-1,-1
447,-1,2767.0,1579.0,41.0,44.0,1.0,-1,-1,-1
448,-1,2768.0,1579.0,41.0,44.0,1.0,-1,-1,-1
449,-1,2769.0,1579.0,41.0,44.0,1.0,-1,-1,-1
450,-1,2769.0,1579.0,41.0,44.0,1.0,-1,-1,-1
451,-1,2770.0,1579.0,41.0,44.0,1.0,-1,-1,-1
452,-1,2770.0,1578.0,41.0,44.0,1.0,-1,-1,-1
453,-1,2770.0,1578.0,41.0,43.0,1.0,-1,-1,-1
454,-1,2770.0,1578.0,41.0,43.0,1.0,-1,-1,-1
455,-1,2770.0,1576.0,41.0,43.0,1.0,-1,-1,-1
456,-1,2767.0,1575.0,41.0,43.0,1.0,-1,-1,-1
457,-1,2767.0,1574.0,41.0,43.0,1.0,-1,-1,-1
458,-1,2764.0,1573.0,41.0,43.0,1.0,-1,-1,-1
459,-1,2764.0,1573.0,41.0,43.0,1.0,-1,-1,-1
460,-1,2761.0,1572.0,41.0,43.0,1.0,-1,-1,-1
461,-1,2758.0,1572.0,41.0,43.0,1.0,-1,-1,-1
462,-1,2755.0,1571.0,41.0,43.0,1.0,-1,-1,-1
463,-1,2751.0,1570.0,41.0,43.0,1.0,-1,-1,-1
464,-1,2748.0,1570.0,41.0,43.0,1.0,-1,-1,-1
465,-1,2748.0,1571.0,41.0,43.0,1.0,-1,-1,-1
466,-1,2744.0,1570.0,41.0,43.0,1.0,-1,-1,-1
467,-1,2740.0,1570.0,41.0,43.0,1.0,-1,-1,-1
468,-1,2738.0,1569.0,41.0,43.0,1.0,-1,-1,-1
469,-1,2737.0,1564.0,41.0,43.0,1.0,-1,-1,-1
470,-1,2736.0,1556.0,41.0,43.0,1.0,-1,-1,-1
471,-1,2736.0,1557.0,41.0,43.0,1.0,-1,-1,-1
472,-1,2730.0,1543.0,41.0,43.0,1.0,-1,-1,-1
473,-1,2716.0,1570.0,40.0,42.0,1.0,-1,-1,-1
474,-1,2715.0,1569.0,40.0,42.0,1.0,-1,-1,-1
475,-1,2586.0,1459.0,49.0,49.0,1.0,-1,-1,-1
476,-1,2556.0,1424.0,48.0,51.0,1.0,-1,-1,-1
477,-1,2556.0,1424.0,48.0,51.0,1.0,-1,-1,-1
478,-1,2527.0,1398.0,47.0,47.0,1.0,-1,-1,-1
479,-1,2498.0,1371.0,47.0,48.0,1.0,-1,-1,-1
480,-1,2470.0,1345.0,47.0,49.0,1.0,-1,-1,-1
481,-1,2444.0,1323.0,47.0,48.0,1.0,-1,-1,-1
482,-1,2419.0,1302.0,47.0,49.0,1.0,-1,-1,-1
483,-1,2419.0,1302.0,47.0,49.0,1.0,-1,-1,-1
484,-1,2394.0,1287.0,46.0,48.0,1.0,-1,-1,-1
485,-1,2373.0,1272.0,45.0,49.0,1.0,-1,-1,-1
486,-1,2348.0,1260.0,50.0,50.0,1.0,-1,-1,-1
487,-1,2328.0,1248.0,44.0,50.0,1.0,-1,-1,-1
488,-1,2309.0,1240.0,45.0,53.0,1.0,-1,-1,-1
489,-1,2309.0,1240.0,45.0,53.0,1.0,-1,-1,-1
490,-1,2289.0,1234.0,44.0,52.0,1.0,-1,-1,-1
491,-1,2274.0,1240.0,45.0,48.0,1.0,-1,-1,-1
492,-1,2268.0,1249.0,44.0,49.0,1.0,-1,-1,-1
493,-1,2264.0,1260.0,44.0,48.0,1.0,-1,-1,-1
494,-1,2261.0,1266.0,44.0,47.0,1.0,-1,-1,-1
495,-1,2261.0,1266.0,45.0,48.0,1.0,-1,-1,-1
496,-1,2258.0,1266.0,47.0,51.0,1.0,-1,-1,-1
497,-1,2257.0,1264.0,45.0,50.0,1.0,-1,-1,-1
498,-1,2256.0,1259.0,44.0,48.0,1.0,-1,-1,-1
499,-1,2256.0,1255.0,44.0,47.0,1.0,-1,-1,-1
500,-1,2257.0,1254.0,45.0,47.0,1.0,-1,-1,-1
501,-1,2257.0,1254.0,45.0,47.0,1.0,-1,-1,-1
502,-1,2259.0,1254.0,45.0,48.0,1.0,-1,-1,-1
503,-1,2261.0,1256.0,45.0,49.0,1.0,-1,-1,-1
504,-1,2263.0,1264.0,45.0,47.0,1.0,-1,-1,-1
505,-1,2261.0,1274.0,47.0,47.0,1.0,-1,-1,-1
506,-1,2263.0,1281.0,46.0,47.0,1.0,-1,-1,-1
507,-1,2263.0,1281.0,46.0,47.0,1.0,-1,-1,-1
508,-1,2264.0,1285.0,47.0,48.0,1.0,-1,-1,-1
509,-1,2265.0,1286.0,48.0,48.0,1.0,-1,-1,-1
510,-1,2264.0,1289.0,50.0,46.0,1.0,-1,-1,-1
511,-1,2267.0,1288.0,47.0,46.0,1.0,-1,-1,-1
512,-1,2272.0,1282.0,47.0,48.0,1.0,-1,-1,-1
513,-1,2272.0,1282.0,47.0,48.0,1.0,-1,-1,-1
514,-1,2275.0,1281.0,46.0,46.0,1.0,-1,-1,-1
515,-1,2276.0,1278.0,49.0,51.0,1.0,-1,-1,-1
516,-1,2280.0,1276.0,49.0,48.0,1.0,-1,-1,-1
517,-1,2282.0,1273.0,49.0,46.0,1.0,-1,-1,-1
518,-1,2283.0,1270.0,51.0,48.0,1.0,-1,-1,-1
519,-1,2283.0,1271.0,51.0,47.0,1.0,-1,-1,-1
520,-1,2289.0,1269.0,50.0,47.0,1.0,-1,-1,-1
521,-1,2298.0,1272.0,47.0,46.0,1.0,-1,-1,-1
522,-1,2306.0,1281.0,46.0,49.0,1.0,-1,-1,-1
523,-1,2313.0,1292.0,48.0,48.0,1.0,-1,-1,-1
524,-1,2319.0,1292.0,48.0,51.0,1.0,-1,-1,-1
525,-1,2319.0,1292.0,48.0,51.0,1.0,-1,-1,-1
526,-1,2322.0,1283.0,46.0,52.0,1.0,-1,-1,-1
527,-1,2326.0,1277.0,48.0,51.0,1.0,-1,-1,-1
528,-1,2335.0,1278.0,47.0,51.0,1.0,-1,-1,-1
529,-1,2350.0,1287.0,47.0,49.0,1.0,-1,-1,-1
530,-1,2368.0,1309.0,44.0,47.0,1.0,-1,-1,-1
531,-1,2368.0,1309.0,44.0,47.0,1.0,-1,-1,-1
532,-1,2379.0,1339.0,47.0,48.0,1.0,-1,-1,-1
533,-1,2388.0,1378.0,43.0,45.0,1.0,-1,-1,-1
534,-1,2389.0,1408.0,46.0,44.0,1.0,-1,-1,-1
535,-1,2389.0,1379.0,47.0,51.0,1.0,-1,-1,-1
536,-1,2389.0,1366.0,46.0,46.0,1.0,-1,-1,-1
537,-1,2389.0,1366.0,46.0,46.0,1.0,-1,-1,-1
538,-1,2388.0,1349.0,47.0,48.0,1.0,-1,-1,-1
539,-1,2389.0,1339.0,48.0,46.0,1.0,-1,-1,-1
540,-1,2400.0,1326.0,48.0,55.0,1.0,-1,-1,-1
541,-1,2412.0,1324.0,52.0,52.0,1.0,-1,-1,-1
542,-1,2430.0,1322.0,50.0,54.0,1.0,-1,-1,-1
543,-1,2430.0,1322.0,50.0,54.0,1.0,-1,-1,-1
544,-1,2447.0,1321.0,50.0,54.0,1.0,-1,-1,-1
545,-1,2469.0,1327.0,50.0,52.0,1.0,-1,-1,-1
546,-1,2493.0,1335.0,51.0,53.0,1.0,-1,-1,-1
547,-1,2525.0,1359.0,51.0,53.0,1,-1,-1,-1
548,-1,2557.0,1383.0,44.0,48.0,1.0,-1,-1,-1
549,-1,2557.0,1383.0,44.0,48.0,1.0,-1,-1,-1
550,-1,2563.0,1391.0,43.0,47.0,1.0,-1,-1,-1
551,-1,2595.0,1455.0,46.0,45.0,1.0,-1,-1,-1
552,-1,2605.0,1453.0,45.0,46.0,1.0,-1,-1,-1
553,-1,2611.0,1429.0,50.0,48.0,1.0,-1,-1,-1
554,-1,2616.0,1407.0,48.0,43.0,1.0,-1,-1,-1
555,-1,2616.0,1407.0,48.0,43.0,1.0,-1,-1,-1
556,-1,2630.0,1387.0,48.0,46.0,1.0,-1,-1,-1
557,-1,2656.0,1376.0,46.0,45.0,1.0,-1,-1,-1
558,-1,2682.0,1370.0,45.0,44.0,1.0,-1,-1,-1
559,-1,2714.0,1360.0,44.0,43.0,1.0,-1,-1,-1
560,-1,2741.0,1362.0,43.0,42.0,1.0,-1,-1,-1
561,-1,2741.0,1362.0,42.0,41.0,1.0,-1,-1,-1
562,-1,2760.0,1366.0,39.0,38.0,1.0,-1,-1,-1
563,-1,2781.0,1366.0,38.0,38.0,1.0,-1,-1,-1
564,-1,2804.0,1363.0,38.0,37.0,1.0,-1,-1,-1
565,-1,2826.0,1363.0,38.0,38.0,1.0,-1,-1,-1
566,-1,2839.0,1364.0,51.0,51.0,1.0,-1,-1,-1
567,-1,2839.0,1364.0,51.0,51.0,1.0,-1,-1,-1
568,-1,2861.0,1364.0,51.0,51.0,1.0,-1,-1,-1
569,-1,2887.0,1367.0,49.0,49.0,1.0,-1,-1,-1
570,-1,2911.0,1360.0,50.0,50.0,1.0,-1,-1,-1
571,-1,2927.0,1354.0,49.0,49.0,1.0,-1,-1,-1
572,-1,2943.0,1353.0,49.0,49.0,1.0,-1,-1,-1
573,-1,2943.0,1353.0,49.0,49.0,1.0,-1,-1,-1
574,-1,2965.0,1349.0,50.0,50.0,1.0,-1,-1,-1
575,-1,2985.0,1344.0,52.0,52.0,1.0,-1,-1,-1
576,-1,3005.0,1348.0,49.0,49.0,1.0,-1,-1,-1
577,-1,3030.5,1350.5,49.0,49.0,1,-1,-1,-1
578,-1,3056.0,1353.0,43.0,44.0,1.0,-1,-1,-1
579,-1,3056.0,1353.0,43.0,44.0,1.0,-1,-1,-1
580,-1,3087.0,1341.0,47.0,46.0,1.0,-1,-1,-1
581,-1,3108.0,1319.0,54.0,48.0,1.0,-1,-1,-1
582,-1,3138.0,1301.0,44.0,46.0,1.0,-1,-1,-1
583,-1,3150.0,1289.0,50.0,51.0,1.0,-1,-1,-1
584,-1,3168.0,1286.0,50.0,51.0,1.0,-1,-1,-1
585,-1,3168.0,1286.0,50.0,51.0,1.0,-1,-1,-1
586,-1,3188.0,1291.0,51.0,50.0,1.0,-1,-1,-1
587,-1,3208.0,1299.0,48.0,51.0,1.0,-1,-1,-1
588,-1,3225.0,1311.0,47.0,52.0,1.0,-1,-1,-1
589,-1,3246.0,1325.0,51.0,53.0,1.0,-1,-1,-1
590,-1,3267.0,1343.0,45.0,48.0,1.0,-1,-1,-1
591,-1,3267.0,1343.0,45.0,48.0,1.0,-1,-1,-1
592,-1,3278.0,1361.0,45.0,48.0,1.0,-1,-1,-1
593,-1,3264.0,1354.0,43.0,46.0,1.0,-1,-1,-1
594,-1,3250.0,1355.0,43.0,46.0,1.0,-1,-1,-1
595,-1,3243.0,1352.0,45.0,48.0,1.0,-1,-1,-1
596,-1,3230.0,1360.0,55.0,53.0,1.0,-1,-1,-1
597,-1,3230.0,1360.0,55.0,53.0,1.0,-1,-1,-1
598,-1,3221.0,1368.0,51.0,51.0,1.0,-1,-1,-1
599,-1,3218.0,1369.0,51.0,53.0,1.0,-1,-1,-1
600,-1,3199.0,1374.0,52.0,54.0,1.0,-1,-1,-1
601,-1,3200.75,1384.0,52.0,54.0,1,-1,-1,-1
602,-1,3202.5,1394.0,52.0,54.0,1,-1,-1,-1
603,-1,3204.25,1404.0,52.0,54.0,1,-1,-1,-1
604,-1,3206.0,1414.0,48.0,50.0,1.0,-1,-1,-1
605,-1,3204.0,1427.0,49.0,51.0,1.0,-1,-1,-1
606,-1,3188.0,1433.0,47.0,49.0,1.0,-1,-1,-1
607,-1,3164.0,1442.0,53.0,53.0,1.0,-1,-1,-1
608,-1,3146.0,1451.0,47.0,51.0,1.0,-1,-1,-1
609,-1,3146.0,1451.0,47.0,51.0,1.0,-1,-1,-1
610,-1,3127.0,1463.0,45.0,47.0,1.0,-1,-1,-1
611,-1,3110.0,1473.0,47.0,49.0,1.0,-1,-1,-1
612,-1,3087.0,1490.0,48.0,50.0,1.0,-1,-1,-1
613,-1,3070.0,1508.0,48.0,49.0,1.0,-1,-1,-1
614,-1,3056.0,1530.0,39.0,43.0,1.0,-1,-1,-1
615,-1,3056.0,1530.0,39.0,43.0,1.0,-1,-1,-1
616,-1,2962.0,1465.0,43.0,43.0,1.0,-1,-1,-1
617,-1,2954.0,1461.0,43.0,43.0,1.0,-1,-1,-1
618,-1,2948.0,1456.0,44.0,44.0,1.0,-1,-1,-1
619,-1,2939.0,1458.0,45.0,45.0,1.0,-1,-1,-1
620,-1,2934.0,1441.0,47.0,47.0,1.0,-1,-1,-1
621,-1,2933.0,1441.0,47.0,47.0,1.0,-1,-1,-1
622,-1,2925.0,1436.0,48.0,48.0,1.0,-1,-1,-1
623,-1,2917.0,1429.0,48.0,48.0,1.0,-1,-1,-1
624,-1,2907.0,1421.0,47.0,47.0,1.0,-1,-1,-1
625,-1,2881.0,1416.0,50.0,50.0,1.0,-1,-1,-1
626,-1,2867.0,1410.0,52.0,52.0,1.0,-1,-1,-1
627,-1,2868.0,1408.0,52.0,52.0,1.0,-1,-1,-1
628,-1,2876.0,1408.0,52.0,52.0,1.0,-1,-1,-1
629,-1,2870.0,1404.0,50.0,50.0,1.0,-1,-1,-1
630,-1,2860.0,1401.0,50.0,50.0,1.0,-1,-1,-1
631,-1,2849.0,1395.0,50.0,50.0,1.0,-1,-1,-1
632,-1,2811.0,1396.0,47.0,46.0,1.0,-1,-1,-1
633,-1,2811.0,1396.0,47.0,46.0,1.0,-1,-1,-1
634,-1,2810.0,1380.0,46.0,45.0,1.0,-1,-1,-1
635,-1,2780.0,1411.0,47.0,44.0,1.0,-1,-1,-1
636,-1,2763.0,1403.0,44.0,44.0,1.0,-1,-1,-1
637,-1,2751.0,1369.0,46.0,45.0,1.0,-1,-1,-1
638,-1,2741.0,1338.0,43.0,43.0,1.0,-1,-1,-1
639,-1,2741.0,1338.0,43.0,43.0,1.0,-1,-1,-1
640,-1,2726.0,1316.0,46.0,47.0,1.0,-1,-1,-1
641,-1,2688.0,1312.0,49.0,45.0,1.0,-1,-1,-1
642,-1,2686.0,1311.0,52.0,48.0,1.0,-1,-1,-1
643,-1,2687.0,1311.0,53.0,49.0,1.0,-1,-1,-1
644,-1,2578.0,1302.0,44.0,45.0,1.0,-1,-1,-1
645,-1,2578.0,1302.0,44.0,45.0,1.0,-1,-1,-1
646,-1,2542.0,1303.0,45.0,46.0,1.0,-1,-1,-1
647,-1,2508.0,1308.0,40.0,43.0,1.0,-1,-1,-1
648,-1,2474.0,1312.0,40.0,43.0,1.0,-1,-1,-1
649,-1,2439.0,1316.0,43.0,45.0,1.0,-1,-1,-1
650,-1,2406.0,1323.0,47.0,48.0,1.0,-1,-1,-1
651,-1,2406.0,1323.0,47.0,48.0,1.0,-1,-1,-1
652,-1,2393.0,1304.0,42.0,48.0,1.0,-1,-1,-1
653,-1,2379.0,1290.0,46.0,47.0,1.0,-1,-1,-1
654,-1,2366.0,1279.0,43.0,45.0,1.0,-1,-1,-1
655,-1,2353.0,1266.0,44.0,45.0,1.0,-1,-1,-1
656,-1,2340.0,1256.0,41.0,46.0,1.0,-1,-1,-1
657,-1,2340.0,1256.0,41.0,46.0,1.0,-1,-1,-1
658,-1,2328.0,1248.0,39.0,47.0,1.0,-1,-1,-1
659,-1,2315.0,1243.0,41.0,46.0,1.0,-1,-1,-1
660,-1,2300.0,1237.0,45.0,47.0,1.0,-1,-1,-1
661,-1,2287.0,1236.0,46.0,46.0,1.0,-1,-1,-1
662,-1,2271.0,1242.0,45.0,44.0,1.0,-1,-1,-1
663,-1,2271.0,1242.0,45.0,44.0,1.0,-1,-1,-1
664,-1,2254.0,1249.0,42.0,44.0,1.0,-1,-1,-1
665,-1,2237.0,1259.0,44.0,44.0,1.0,-1,-1,-1
666,-1,2226.0,1239.0,43.0,45.0,1.0,-1,-1,-1
667,-1,2214.0,1219.0,45.0,42.0,1.0,-1,-1,-1
668,-1,2204.0,1199.0,48.0,40.0,1.0,-1,-1,-1
669,-1,2204.0,1199.0,48.0,40.0,1.0,-1,-1,-1
670,-1,2196.0,1183.0,44.0,41.0,1.0,-1,-1,-1
671,-1,2188.0,1167.0,44.0,41.0,1.0,-1,-1,-1
672,-1,2178.0,1214.0,45.0,42.0,1.0,-1,-1,-1
673,-1,2155.0,1216.0,43.0,40.0,1.0,-1,-1,-1
674,-1,2134.0,1209.0,41.0,39.0,1.0,-1,-1,-1
675,-1,2133.0,1209.0,41.0,38.0,1.0,-1,-1,-1
676,-1,2112.0,1206.0,39.0,36.0,1.0,-1,-1,-1
677,-1,2087.0,1203.0,41.0,38.0,1.0,-1,-1,-1
678,-1,2063.0,1203.0,39.0,36.0,1.0,-1,-1,-1
679,-1,2038.0,1206.0,39.0,36.0,1.0,-1,-1,-1
680,-1,2014.0,1206.0,39.0,36.0,1.0,-1,-1,-1
681,-1,2012.0,1206.0,40.0,37.0,1.0,-1,-1,-1
682,-1,1986.0,1201.0,41.0,38.0,1.0,-1,-1,-1
683,-1,1959.0,1195.0,42.0,39.0,1.0,-1,-1,-1
684,-1,1932.0,1191.0,42.0,39.0,1.0,-1,-1,-1
685,-1,1904.0,1096.0,40.0,41.0,1.0,-1,-1,-1
686,-1,1901.0,1101.0,38.0,39.0,1.0,-1,-1,-1
687,-1,1901.0,1101.0,38.0,39.0,1.0,-1,-1,-1
688,-1,1904.0,1098.0,36.0,37.0,1.0,-1,-1,-1
689,-1,1762.0,1152.0,43.0,40.0,1.0,-1,-1,-1
690,-1,1721.0,1183.0,41.0,42.0,1.0,-1,-1,-1
691,-1,1686.0,1192.0,41.0,44.0,1.0,-1,-1,-1
692,-1,1665.0,1172.0,40.0,39.0,1.0,-1,-1,-1
693,-1,1665.0,1172.0,40.0,39.0,1.0,-1,-1,-1
694,-1,1643.0,1156.0,41.0,40.0,1.0,-1,-1,-1
695,-1,1620.0,1140.0,38.0,39.0,1.0,-1,-1,-1
696,-1,1597.0,1127.0,42.0,42.0,1.0,-1,-1,-1
697,-1,1576.0,1115.0,42.0,42.0,1.0,-1,-1,-1
698,-1,1552.0,1103.0,40.0,40.0,1.0,-1,-1,-1
699,-1,1552.0,1103.0,41.0,41.0,1.0,-1,-1,-1
700,-1,1529.0,1095.0,41.0,40.0,1.0,-1,-1,-1
701,-1,1508.0,1088.0,47.0,44.0,1.0,-1,-1,-1
702,-1,1487.0,1093.0,42.0,42.0,1.0,-1,-1,-1
703,-1,1452.0,1112.0,39.0,37.0,1.0,-1,-1,-1
704,-1,1422.0,1138.0,42.0,40.0,1.0,-1,-1,-1
705,-1,1422.0,1138.0,42.0,40.0,1.0,-1,-1,-1
706,-1,1388.0,1168.0,42.0,38.0,1.0,-1,-1,-1
707,-1,1415.0,1170.0,44.0,40.0,1.0,-1,-1,-1
708,-1,1342.0,1185.0,38.0,34.0,1.0,-1,-1,-1
709,-1,1324.0,1168.0,38.0,35.0,1.0,-1,-1,-1
710,-1,1305.0,1145.0,41.0,38.0,1.0,-1,-1,-1
711,-1,1305.0,1144.0,41.0,39.0,1.0,-1,-1,-1
712,-1,1283.0,1126.0,42.0,42.0,1.0,-1,-1,-1
713,-1,1264.0,1104.0,42.0,41.0,1.0,-1,-1,-1
714,-1,1247.0,1096.0,45.0,42.0,1.0,-1,-1,-1
715,-1,1229.0,1094.0,41.0,43.0,1.0,-1,-1,-1
716,-1,1200.0,1095.0,45.0,43.0,1.0,-1,-1,-1
717,-1,1200.0,1095.0,46.0,43.0,1.0,-1,-1,-1
718,-1,1176.0,1098.0,43.0,43.0,1.0,-1,-1,-1
719,-1,1151.0,1111.0,43.0,40.0,1.0,-1,-1,-1
720,-1,1166.0,1114.0,42.0,39.0,1.0,-1,-1,-1
721,-1,1159.0,1130.0,40.0,37.0,1.0,-1,-1,-1
722,-1,1130.4,1133.6,40.0,37.0,1,-1,-1,-1
723,-1,1101.8,1137.2,40.0,37.0,1,-1,-1,-1
724,-1,1073.2,1140.8,40.0,37.0,1,-1,-1,-1
725,-1,1044.6,1144.4,40.0,37.0,1,-1,-1,-1
726,-1,1016.0,1148.0,46.0,45.0,1.0,-1,-1,-1
727,-1,995.0,1140.0,47.0,46.0,1.0,-1,-1,-1
728,-1,977.0,1140.0,36.0,39.0,1.0,-1,-1,-1
729,-1,977.0,1140.0,36.0,39.0,1.0,-1,-1,-1
730,-1,954.0,1139.0,36.0,39.0,1.0,-1,-1,-1
731,-1,932.0,1138.0,36.0,39.0,1.0,-1,-1,-1
732,-1,916.0,1140.0,35.0,38.0,1.0,-1,-1,-1
733,-1,932.0,1123.0,36.0,39.0,1.0,-1,-1,-1
734,-1,944.0,1160.0,35.0,38.0,1.0,-1,-1,-1
735,-1,945.0,1162.0,35.0,38.0,1.0,-1,-1,-1
736,-1,953.0,1172.0,36.0,39.0,1.0,-1,-1,-1
737,-1,954.0,1172.0,34.0,37.0,1.0,-1,-1,-1
738,-1,793.0,1143.0,40.0,40.0,1.0,-1,-1,-1
739,-1,779.0,1128.0,41.0,41.0,1.0,-1,-1,-1
740,-1,778.0,1139.0,42.0,42.0,1.0,-1,-1,-1
741,-1,778.0,1139.0,42.0,42.0,1.0,-1,-1,-1
742,-1,762.0,1133.0,42.0,42.0,1.0,-1,-1,-1
743,-1,748.0,1127.0,42.0,42.0,1.0,-1,-1,-1
744,-1,749.0,1149.0,39.0,39.0,1.0,-1,-1,-1
745,-1,698.0,1158.0,47.0,44.0,1.0,-1,-1,-1
746,-1,691.0,1165.0,48.0,45.0,1.0,-1,-1,-1
747,-1,691.0,1165.0,48.0,45.0,1.0,-1,-1,-1
748,-1,684.0,1060.0,43.0,40.0,1.0,-1,-1,-1
749,-1,670.0,1056.0,45.0,45.0,1.0,-1,-1,-1
750,-1,663.0,1058.0,44.0,44.0,1.0,-1,-1,-1
751,-1,662.0,1044.0,45.0,45.0,1.0,-1,-1,-1
752,-1,668.0,1060.0,45.0,45.0,1.0,-1,-1,-1
753,-1,668.0,1061.0,45.0,45.0,1.0,-1,-1,-1
754,-1,667.0,1061.0,44.0,44.0,1.0,-1,-1,-1
755,-1,626.0,1072.0,40.0,39.0,1.0,-1,-1,-1
756,-1,625.0,1074.0,39.0,39.0,1.0,-1,-1,-1
757,-1,618.0,1071.0,39.0,40.0,1.0,-1,-1,-1
758,-1,616.0,1064.0,40.0,40.0,1.0,-1,-1,-1
759,-1,616.0,1064.0,40.0,40.0,1.0,-1,-1,-1
760,-1,517.0,1187.0,41.0,39.0,1.0,-1,-1,-1
761,-1,503.0,1195.0,41.0,39.0,1.0,-1,-1,-1
762,-1,486.0,1200.0,44.0,41.0,1.0,-1,-1,-1
763,-1,478.0,1204.0,42.0,40.0,1.0,-1,-1,-1
764,-1,486.0,1182.0,41.0,39.0,1.0,-1,-1,-1
765,-1,486.0,1180.0,41.0,39.0,1.0,-1,-1,-1
766,-1,473.0,1186.0,41.0,39.0,1.0,-1,-1,-1
767,-1,598.0,1078.0,36.0,39.0,1.0,-1,-1,-1
768,-1,598.0,1083.0,36.0,40.0,1.0,-1,-1,-1
769,-1,595.0,1095.0,37.0,40.0,1.0,-1,-1,-1
770,-1,590.0,1103.0,40.0,41.0,1.0,-1,-1,-1
771,-1,590.0,1103.0,40.0,41.0,1.0,-1,-1,-1
772,-1,590.0,1114.0,38.0,38.0,1.0,-1,-1,-1
773,-1,589.0,1132.0,38.0,40.0,1.0,-1,-1,-1
774,-1,589.0,1144.0,37.0,37.0,1.0,-1,-1,-1
775,-1,589.0,1161.0,36.0,36.0,1.0,-1,-1,-1
776,-1,590.0,1179.0,34.0,34.0,1.0,-1,-1,-1
777,-1,590.0,1179.0,34.0,34.0,1.0,-1,-1,-1
778,-1,591.0,1186.0,32.0,32.0,1.0,-1,-1,-1
779,-1,589.0,1182.0,34.0,34.0,1.0,-1,-1,-1
780,-1,589.0,1179.0,33.0,33.0,1.0,-1,-1,-1
781,-1,588.0,1176.0,33.0,33.0,1.0,-1,-1,-1
782,-1,587.0,1173.0,34.0,34.0,1.0,-1,-1,-1
783,-1,587.0,1173.0,34.0,34.0,1.0,-1,-1,-1
784,-1,587.0,1172.0,34.0,34.0,1.0,-1,-1,-1
785,-1,586.0,1170.0,34.0,34.0,1.0,-1,-1,-1
786,-1,585.0,1170.0,34.0,34.0,1.0,-1,-1,-1
787,-1,586.0,1169.0,33.0,33.0,1.0,-1,-1,-1
788,-1,568.0,1173.0,36.0,36.0,1.0,-1,-1,-1
789,-1,568.0,1173.0,36.0,36.0,1.0,-1,-1,-1
790,-1,568.0,1164.0,36.0,38.0,1.0,-1,-1,-1
791,-1,558.0,1146.0,35.0,35.0,1.0,-1,-1,-1
792,-1,557.0,1140.0,37.0,36.0,1.0,-1,-1,-1
793,-1,556.0,1133.0,37.0,36.0,1.0,-1,-1,-1
794,-1,555.0,1129.0,38.0,37.0,1.0,-1,-1,-1
795,-1,556.0,1131.0,37.0,36.0,1.0,-1,-1,-1
796,-1,559.0,1132.0,36.0,35.0,1.0,-1,-1,-1
797,-1,558.0,1131.0,36.0,35.0,1.0,-1,-1,-1
798,-1,550.0,1113.0,36.0,36.0,1.0,-1,-1,-1
799,-1,550.0,1113.0,35.0,36.0,1.0,-1,-1,-1
800,-1,540.0,1113.0,39.0,37.0,1.0,-1,-1,-1
801,-1,540.0,1113.0,39.0,37.0,1.0,-1,-1,-1
802,-1,541.0,1114.0,38.0,36.0,1.0,-1,-1,-1
803,-1,543.0,1115.0,38.0,36.0,1.0,-1,-1,-1
804,-1,544.0,1117.0,38.0,36.0,1.0,-1,-1,-1
805,-1,542.0,1127.0,37.0,37.0,1.0,-1,-1,-1
806,-1,538.0,1133.0,40.0,39.0,1.0,-1,-1,-1
807,-1,538.0,1133.0,40.0,39.0,1.0,-1,-1,-1
808,-1,545.0,1146.0,40.0,37.0,1.0,-1,-1,-1
809,-1,548.0,1157.0,41.0,38.0,1.0,-1,-1,-1
810,-1,549.0,1167.0,43.0,40.0,1.0,-1,-1,-1
811,-1,549.0,1180.0,41.0,38.0,1.0,-1,-1,-1
812,-1,552.0,1192.0,41.0,38.0,1.0,-1,-1,-1
813,-1,552.0,1192.0,41.0,38.0,1.0,-1,-1,-1
814,-1,548.0,1176.0,42.0,39.0,1.0,-1,-1,-1
815,-1,546.0,1160.0,42.0,39.0,1.0,-1,-1,-1
816,-1,543.0,1148.0,40.0,37.0,1.0,-1,-1,-1
817,-1,538.0,1136.0,37.0,36.0,1.0,-1,-1,-1
818,-1,538.0,1127.0,36.0,37.0,1.0,-1,-1,-1
819,-1,538.0,1127.0,36.0,37.0,1.0,-1,-1,-1
820,-1,530.0,1113.0,39.0,38.0,1.0,-1,-1,-1
821,-1,530.0,1111.0,41.0,40.0,1.0,-1,-1,-1
822,-1,530.0,1112.0,38.0,37.0,1.0,-1,-1,-1
823,-1,524.0,1097.0,39.0,36.0,1.0,-1,-1,-1
824,-1,523.0,1096.0,40.0,36.0,1.0,-1,-1,-1
825,-1,523.0,1096.0,40.0,36.0,1.0,-1,-1,-1
826,-1,523.0,1095.0,40.0,36.0,1.0,-1,-1,-1
827,-1,524.0,1094.0,39.0,36.0,1.0,-1,-1,-1
828,-1,523.0,1094.0,40.0,36.0,1.0,-1,-1,-1
829,-1,523.0,1094.0,40.0,36.0,1.0,-1,-1,-1
830,-1,523.0,1093.0,40.0,37.0,1.0,-1,-1,-1
831,-1,523.0,1093.0,40.0,37.0,1.0,-1,-1,-1
832,-1,523.0,1092.0,40.0,37.0,1.0,-1,-1,-1
833,-1,522.0,1092.0,40.0,38.0,1.0,-1,-1,-1
834,-1,522.0,1093.0,41.0,37.0,1.0,-1,-1,-1
835,-1,522.0,1094.0,40.0,37.0,1.0,-1,-1,-1
836,-1,522.0,1095.0,38.0,36.0,1.0,-1,-1,-1
837,-1,523.0,1095.0,38.0,36.0,1.0,-1,-1,-1
838,-1,522.0,1095.0,38.0,36.0,1.0,-1,-1,-1
839,-1,522.0,1095.0,38.0,36.0,1.0,-1,-1,-1
840,-1,522.0,1094.0,39.0,36.0,1.0,-1,-1,-1
841,-1,523.0,1095.0,38.0,35.0,1.0,-1,-1,-1
842,-1,524.0,1095.0,37.0,34.0,1.0,-1,-1,-1
843,-1,523.0,1094.0,37.0,34.0,1.0,-1,-1,-1
844,-1,523.0,1090.0,39.0,39.0,1.0,-1,-1,-1
845,-1,523.0,1091.0,40.0,39.0,1.0,-1,-1,-1
846,-1,524.0,1092.0,39.0,38.0,1.0,-1,-1,-1
847,-1,523.0,1092.0,40.0,39.0,1.0,-1,-1,-1
848,-1,524.0,1092.0,40.0,39.0,1.0,-1,-1,-1
849,-1,524.0,1092.0,40.0,39.0,1.0,-1,-1,-1
850,-1,525.0,1093.0,39.0,38.0,1.0,-1,-1,-1
851,-1,526.0,1093.0,40.0,39.0,1.0,-1,-1,-1
852,-1,525.0,1093.0,40.0,39.0,1.0,-1,-1,-1
853,-1,526.0,1093.0,39.0,38.0,1.0,-1,-1,-1
854,-1,528.0,1094.0,38.0,37.0,1.0,-1,-1,-1
855,-1,527.0,1094.0,38.0,37.0,1.0,-1,-1,-1
856,-1,527.0,1093.0,39.0,38.0,1.0,-1,-1,-1
857,-1,529.0,1094.0,38.0,37.0,1.0,-1,-1,-1
858,-1,529.0,1093.0,38.0,37.0,1.0,-1,-1,-1
859,-1,530.0,1094.0,37.0,36.0,1.0,-1,-1,-1
860,-1,530.0,1093.0,36.0,35.0,1.0,-1,-1,-1
861,-1,530.0,1093.0,35.0,34.0,1.0,-1,-1,-1
862,-1,531.0,1093.0,35.0,34.0,1.0,-1,-1,-1
863,-1,533.0,1094.0,33.0,33.0,1.0,-1,-1,-1
864,-1,532.0,1094.0,34.0,33.0,1.0,-1,-1,-1
865,-1,533.0,1094.0,36.0,35.0,1.0,-1,-1,-1
866,-1,540.0,1093.0,35.0,34.0,1.0,-1,-1,-1
867,-1,539.0,1093.0,33.0,33.0,1.0,-1,-1,-1
868,-1,540.0,1093.0,33.0,33.0,1.0,-1,-1,-1
869,-1,542.0,1092.0,34.0,33.0,1.0,-1,-1,-1
870,-1,543.0,1091.0,36.0,35.0,1.0,-1,-1,-1
871,-1,545.0,1090.0,36.0,35.0,1.0,-1,-1,-1
872,-1,548.0,1090.0,36.0,35.0,1.0,-1,-1,-1
873,-1,547.0,1090.0,36.0,35.0,1.0,-1,-1,-1
874,-1,548.0,1089.0,36.0,35.0,1.0,-1,-1,-1
875,-1,550.0,1089.0,35.0,34.0,1.0,-1,-1,-1
876,-1,551.0,1089.0,34.0,33.0,1.0,-1,-1,-1
877,-1,553.0,1088.0,33.0,32.0,1.0,-1,-1,-1
878,-1,553.0,1088.0,34.0,33.0,1.0,-1,-1,-1
879,-1,553.0,1087.0,35.0,34.0,1.0,-1,-1,-1
880,-1,554.0,1085.0,36.0,35.0,1.0,-1,-1,-1
881,-1,555.0,1084.0,36.0,35.0,1.0,-1,-1,-1
882,-1,557.0,1084.0,35.0,34.0,1.0,-1,-1,-1
883,-1,555.0,1083.0,36.0,35.0,1.0,-1,-1,-1
884,-1,557.0,1083.0,36.0,35.0,1.0,-1,-1,-1
885,-1,556.0,1082.0,36.0,35.0,1.0,-1,-1,-1
886,-1,557.0,1083.0,35.0,34.0,1.0,-1,-1,-1
887,-1,557.0,1082.0,36.0,35.0,1.0,-1,-1,-1
888,-1,557.0,1083.0,35.0,34.0,1.0,-1,-1,-1
889,-1,556.0,1083.0,35.0,34.0,1.0,-1,-1,-1
890,-1,557.0,1083.0,35.0,34.0,1.0,-1,-1,-1
891,-1,556.0,1083.0,35.0,34.0,1.0,-1,-1,-1
892,-1,556.0,1083.0,36.0,35.0,1.0,-1,-1,-1
893,-1,556.0,1083.0,35.0,34.0,1.0,-1,-1,-1
894,-1,557.0,1083.0,35.0,34.0,1.0,-1,-1,-1
895,-1,557.0,1083.0,35.0,34.0,1.0,-1,-1,-1
896,-1,557.0,1082.0,36.0,35.0,1.0,-1,-1,-1
897,-1,557.0,1083.0,36.0,35.0,1.0,-1,-1,-1
898,-1,557.0,1083.0,35.0,34.0,1.0,-1,-1,-1
899,-1,558.0,1083.0,35.0,34.0,1.0,-1,-1,-1
900,-1,557.0,1082.0,36.0,35.0,1.0,-1,-1,-1
901,-1,557.0,1083.0,36.0,35.0,1.0,-1,-1,-1
902,-1,557.0,1083.0,35.0,34.0,1.0,-1,-1,-1
903,-1,558.0,1083.0,35.0,34.0,1.0,-1,-1,-1
904,-1,558.0,1083.0,35.0,34.0,1.0,-1,-1,-1
905,-1,558.0,1083.0,35.0,34.0,1.0,-1,-1,-1
906,-1,558.0,1083.0,35.0,34.0,1.0,-1,-1,-1
907,-1,558.0,1083.0,35.0,34.0,1.0,-1,-1,-1
908,-1,558.0,1084.0,34.0,33.0,1.0,-1,-1,-1
909,-1,559.0,1083.0,34.0,33.0,1.0,-1,-1,-1
910,-1,559.0,1084.0,34.0,33.0,1.0,-1,-1,-1
911,-1,559.0,1084.0,34.0,33.0,1.0,-1,-1,-1
912,-1,559.0,1084.0,34.0,33.0,1.0,-1,-1,-1
913,-1,559.0,1084.0,34.0,33.0,1.0,-1,-1,-1
914,-1,559.0,1085.0,33.0,33.0,1.0,-1,-1,-1
915,-1,558.0,1084.0,34.0,33.0,1.0,-1,-1,-1
916,-1,558.0,1084.0,34.0,33.0,1.0,-1,-1,-1
917,-1,558.0,1085.0,34.0,33.0,1.0,-1,-1,-1
918,-1,558.0,1084.0,34.0,33.0,1.0,-1,-1,-1
