0,-1,1059,797,31,31,0.9994444251060486,-1,-1,-1
1,-1,1059,796,31,32,0.9992218017578125,-1,-1,-1
2,-1,1059,796,31,32,0.9992200136184692,-1,-1,-1
3,-1,1059,796,31,32,0.9992209672927856,-1,-1,-1
4,-1,1059,796,31,32,0.9992235898971558,-1,-1,-1
5,-1,1065,796,25,29,0.9921427965164185,-1,-1,-1
62,-1,1298,702,29,27,0.9910702705383301,-1,-1,-1
63,-1,1298,703,28,27,0.9899610280990601,-1,-1,-1
64,-1,1301,698,30,29,0.9933974742889404,-1,-1,-1
65,-1,1308,696,29,29,0.9975156784057617,-1,-1,-1
66,-1,1316,695,31,28,0.9945766925811768,-1,-1,-1
70,-1,1333,850,29,32,0.9974772334098816,-1,-1,-1
71,-1,1340,879,34,37,0.9972608089447021,-1,-1,-1
72,-1,1354,916,31,34,0.9950093030929565,-1,-1,-1
73,-1,1360,914,31,37,0.9961060881614685,-1,-1,-1
74,-1,1365,892,30,34,0.9885988235473633,-1,-1,-1
75,-1,1365,892,30,34,0.9889700412750244,-1,-1,-1
76,-1,1367,870,32,30,0.9890890717506409,-1,-1,-1
79,-1,1374,810,37,34,0.96344393491745,-1,-1,-1
90,-1,1314,818,28,33,0.9629994034767151,-1,-1,-1
95,-1,1438,773,35,32,0.9702043533325195,-1,-1,-1
96,-1,1442,766,35,39,0.9900715351104736,-1,-1,-1
97,-1,1443,767,39,39,0.9959627985954285,-1,-1,-1
98,-1,1447,762,40,39,0.9973185658454895,-1,-1,-1
99,-1,1447,762,39,41,0.9980155229568481,-1,-1,-1
100,-1,1451,762,37,37,0.9942572116851807,-1,-1,-1
100,-1,1490,720,32,31,0.9555087089538574,-1,-1,-1
101,-1,1455,758,35,40,0.9666689038276672,-1,-1,-1
103,-1,1457,758,36,36,0.9831027388572693,-1,-1,-1
104,-1,1459,756,37,35,0.9878385066986084,-1,-1,-1
105,-1,1459,756,37,35,0.9880028963088989,-1,-1,-1
106,-1,1463,756,35,36,0.9862641096115112,-1,-1,-1
113,-1,1486,753,33,39,0.9766804575920105,-1,-1,-1
114,-1,1491,758,35,34,0.996590256690979,-1,-1,-1
115,-1,1496,757,34,35,0.9898692965507507,-1,-1,-1
116,-1,1502,757,33,38,0.9909878373146057,-1,-1,-1
117,-1,1502,758,33,37,0.9911490678787231,-1,-1,-1
118,-1,1512,754,33,40,0.9739351868629456,-1,-1,-1
119,-1,1516,758,34,33,0.9767760038375854,-1,-1,-1
121,-1,1535,749,36,36,0.9612624049186707,-1,-1,-1
125,-1,1561,733,33,33,0.9884190559387207,-1,-1,-1
126,-1,1566,733,32,30,0.991636335849762,-1,-1,-1
127,-1,1576,729,28,31,0.985318660736084,-1,-1,-1
128,-1,1581,721,31,32,0.9989680051803589,-1,-1,-1
128,-1,1465,557,30,30,0.9661009311676025,-1,-1,-1
129,-1,1581,721,31,32,0.9990270137786865,-1,-1,-1
129,-1,1465,557,30,30,0.9635124206542969,-1,-1,-1
130,-1,1585,717,33,32,0.9980809688568115,-1,-1,-1
131,-1,1591,712,34,35,0.9986708164215088,-1,-1,-1
132,-1,1595,707,33,35,0.997648298740387,-1,-1,-1
133,-1,1598,703,32,32,0.9961873888969421,-1,-1,-1
134,-1,1601,704,37,31,0.9570339322090149,-1,-1,-1
135,-1,1601,703,37,32,0.9579137563705444,-1,-1,-1
135,-1,1701,572,34,38,0.9571563005447388,-1,-1,-1
136,-1,1605,705,40,34,0.99540114402771,-1,-1,-1
137,-1,1611,707,36,36,0.9929770827293396,-1,-1,-1
138,-1,1617,717,35,36,0.9969131946563721,-1,-1,-1
139,-1,1621,723,36,37,0.9991015195846558,-1,-1,-1
139,-1,1046,275,43,42,0.9910160303115845,-1,-1,-1
140,-1,1626,734,38,33,0.9987072944641113,-1,-1,-1
140,-1,1015,275,40,41,0.987316906452179,-1,-1,-1
141,-1,1626,734,37,33,0.9987781643867493,-1,-1,-1
141,-1,1015,275,40,41,0.9871897101402283,-1,-1,-1
142,-1,1632,749,36,33,0.9990620017051697,-1,-1,-1
142,-1,981,277,39,48,0.9881815314292908,-1,-1,-1
143,-1,1637,771,36,31,0.9970146417617798,-1,-1,-1
143,-1,947,282,36,46,0.9556120038032532,-1,-1,-1
144,-1,912,290,41,43,0.9820035099983215,-1,-1,-1
144,-1,1642,791,33,38,0.9738707542419434,-1,-1,-1
145,-1,1648,825,36,30,0.9950775504112244,-1,-1,-1
145,-1,881,299,37,43,0.9892432689666748,-1,-1,-1
151,-1,1670,855,32,33,0.9942935109138489,-1,-1,-1
152,-1,1668,831,35,34,0.9987940788269043,-1,-1,-1
153,-1,1668,831,35,34,0.9987996816635132,-1,-1,-1
154,-1,1670,815,36,31,0.9892352223396301,-1,-1,-1
155,-1,1669,799,39,38,0.9918352365493774,-1,-1,-1
157,-1,1671,769,44,37,0.9822944402694702,-1,-1,-1
161,-1,1687,756,33,39,0.9655416011810303,-1,-1,-1
166,-1,498,443,39,36,0.9696447253227234,-1,-1,-1
167,-1,1709,765,33,36,0.9887633323669434,-1,-1,-1
168,-1,1713,777,32,33,0.997654378414154,-1,-1,-1
168,-1,497,428,47,34,0.9818436503410339,-1,-1,-1
169,-1,1713,798,30,33,0.9979016780853271,-1,-1,-1
169,-1,504,427,43,37,0.9780520796775818,-1,-1,-1
170,-1,1711,825,28,28,0.9756197929382324,-1,-1,-1
171,-1,1712,823,27,30,0.9764271974563599,-1,-1,-1
172,-1,519,430,39,35,0.9916602969169617,-1,-1,-1
185,-1,620,622,46,45,0.9971670508384705,-1,-1,-1
185,-1,1660,740,39,31,0.9876109957695007,-1,-1,-1
186,-1,632,655,41,38,0.9990977048873901,-1,-1,-1
186,-1,1662,731,39,36,0.9972129464149475,-1,-1,-1
187,-1,1660,725,43,38,0.9932102560997009,-1,-1,-1
187,-1,644,698,38,36,0.9841665029525757,-1,-1,-1
188,-1,654,726,38,46,0.9978735446929932,-1,-1,-1
188,-1,1663,713,40,43,0.9975928664207458,-1,-1,-1
189,-1,654,726,38,46,0.9978892207145691,-1,-1,-1
189,-1,1663,713,40,43,0.9975382089614868,-1,-1,-1
190,-1,661,769,43,40,0.9953985810279846,-1,-1,-1
190,-1,1668,712,35,37,0.9947473406791687,-1,-1,-1
191,-1,674,811,44,39,0.9944568872451782,-1,-1,-1
191,-1,1675,710,33,37,0.9831268787384033,-1,-1,-1
192,-1,689,855,40,35,0.9949471354484558,-1,-1,-1
193,-1,702,901,36,37,0.989577054977417,-1,-1,-1
194,-1,714,952,35,35,0.9772457480430603,-1,-1,-1
195,-1,714,952,35,35,0.9755951166152954,-1,-1,-1
197,-1,733,1063,37,39,0.9871678948402405,-1,-1,-1
198,-1,742,1091,33,35,0.9990793466567993,-1,-1,-1
199,-1,737,1056,39,39,0.9718743562698364,-1,-1,-1
200,-1,740,1015,39,48,0.9672405123710632,-1,-1,-1
201,-1,740,1015,39,47,0.9685576558113098,-1,-1,-1
203,-1,745,959,29,33,0.9879701137542725,-1,-1,-1
204,-1,738,933,39,34,0.9925218224525452,-1,-1,-1
205,-1,735,904,40,40,0.9929043650627136,-1,-1,-1
206,-1,735,884,40,40,0.9960557222366333,-1,-1,-1
207,-1,735,884,40,40,0.9960014224052429,-1,-1,-1
208,-1,738,865,37,38,0.9960712194442749,-1,-1,-1
209,-1,737,848,43,41,0.9947476983070374,-1,-1,-1
210,-1,736,836,42,39,0.9956210255622864,-1,-1,-1
211,-1,737,827,41,36,0.9945504069328308,-1,-1,-1
212,-1,739,815,39,41,0.9972754120826721,-1,-1,-1
213,-1,739,815,39,40,0.99726402759552,-1,-1,-1
214,-1,739,806,41,45,0.9944737553596497,-1,-1,-1
215,-1,739,801,42,46,0.9930612444877625,-1,-1,-1
216,-1,739,800,42,45,0.9967712759971619,-1,-1,-1
217,-1,741,803,42,44,0.9978952407836914,-1,-1,-1
218,-1,743,807,41,44,0.9981949925422668,-1,-1,-1
219,-1,743,807,41,44,0.998175859451294,-1,-1,-1
220,-1,744,816,41,43,0.9979692101478577,-1,-1,-1
221,-1,748,826,38,40,0.9982694387435913,-1,-1,-1
222,-1,750,838,38,40,0.9979884624481201,-1,-1,-1
223,-1,754,850,38,42,0.9967553019523621,-1,-1,-1
224,-1,753,869,38,40,0.9926103949546814,-1,-1,-1
225,-1,753,869,38,40,0.9923311471939087,-1,-1,-1
226,-1,753,892,40,36,0.9885978698730469,-1,-1,-1
227,-1,754,911,44,43,0.995573878288269,-1,-1,-1
228,-1,758,940,45,36,0.9930741786956787,-1,-1,-1
229,-1,765,966,42,40,0.9769574403762817,-1,-1,-1
230,-1,770,995,41,46,0.9901840090751648,-1,-1,-1
231,-1,770,995,41,46,0.9905377626419067,-1,-1,-1
232,-1,766,1032,44,41,0.9951903820037842,-1,-1,-1
233,-1,775,1071,38,39,0.9980145692825317,-1,-1,-1
234,-1,774,1105,39,42,0.9971820116043091,-1,-1,-1
235,-1,778,1147,40,43,0.973569393157959,-1,-1,-1
236,-1,778,1153,42,42,0.9822641015052795,-1,-1,-1
237,-1,778,1153,42,42,0.9816712737083435,-1,-1,-1
238,-1,781,1126,40,41,0.9933516383171082,-1,-1,-1
239,-1,781,1098,41,44,0.9963024854660034,-1,-1,-1
240,-1,783,1081,43,38,0.9984935522079468,-1,-1,-1
241,-1,788,1058,39,42,0.9974470138549805,-1,-1,-1
242,-1,793,1044,35,36,0.997914731502533,-1,-1,-1
243,-1,793,1044,35,36,0.9979185461997986,-1,-1,-1
244,-1,793,1027,37,43,0.9972208738327026,-1,-1,-1
245,-1,795,1014,36,45,0.9948205947875977,-1,-1,-1
246,-1,795,1004,38,46,0.9970436692237854,-1,-1,-1
247,-1,796,996,41,47,0.9931348562240601,-1,-1,-1
248,-1,797,994,42,46,0.9950928688049316,-1,-1,-1
248,-1,1790,686,25,35,0.9769970178604126,-1,-1,-1
249,-1,797,994,42,46,0.995037853717804,-1,-1,-1
249,-1,1790,687,25,34,0.9842268824577332,-1,-1,-1
250,-1,1785,688,27,33,0.9970017075538635,-1,-1,-1
250,-1,799,994,41,44,0.9936972260475159,-1,-1,-1
251,-1,1785,685,26,37,0.9978715181350708,-1,-1,-1
251,-1,798,991,47,48,0.9950868487358093,-1,-1,-1
252,-1,1780,687,31,34,0.9993857145309448,-1,-1,-1
252,-1,803,994,47,48,0.9894681572914124,-1,-1,-1
253,-1,1779,685,30,37,0.9995347261428833,-1,-1,-1
253,-1,807,1003,46,43,0.9961252808570862,-1,-1,-1
254,-1,1776,688,32,34,0.9990578293800354,-1,-1,-1
254,-1,813,1014,40,43,0.9931554198265076,-1,-1,-1
255,-1,1776,688,32,34,0.9990565180778503,-1,-1,-1
255,-1,813,1014,40,43,0.9932423233985901,-1,-1,-1
256,-1,1774,689,31,34,0.998803973197937,-1,-1,-1
256,-1,815,1030,44,40,0.9969569444656372,-1,-1,-1
257,-1,1775,689,31,34,0.9977734684944153,-1,-1,-1
257,-1,822,1041,40,42,0.9972469806671143,-1,-1,-1
258,-1,1774,690,31,33,0.9971805810928345,-1,-1,-1
258,-1,822,1059,40,43,0.9965696334838867,-1,-1,-1
259,-1,827,1082,38,40,0.9984821677207947,-1,-1,-1
259,-1,1777,688,30,35,0.9958575367927551,-1,-1,-1
260,-1,830,1105,39,43,0.9982547163963318,-1,-1,-1
260,-1,1779,690,29,35,0.997568666934967,-1,-1,-1
261,-1,830,1105,39,42,0.9982314705848694,-1,-1,-1
261,-1,1779,691,29,34,0.9976020455360413,-1,-1,-1
262,-1,1779,695,29,32,0.9971933960914612,-1,-1,-1
262,-1,834,1133,39,39,0.9961750507354736,-1,-1,-1
263,-1,1780,694,27,35,0.9959589838981628,-1,-1,-1
263,-1,838,1160,40,42,0.986021101474762,-1,-1,-1
264,-1,1780,695,27,35,0.996875524520874,-1,-1,-1
264,-1,841,1187,41,44,0.9898380041122437,-1,-1,-1
265,-1,1781,698,25,33,0.9834032654762268,-1,-1,-1
265,-1,845,1202,41,48,0.9822204113006592,-1,-1,-1
266,-1,1780,698,26,34,0.9916942715644836,-1,-1,-1
266,-1,846,1179,42,46,0.9852840900421143,-1,-1,-1
267,-1,1780,698,26,34,0.9917701482772827,-1,-1,-1
267,-1,846,1179,42,46,0.9848714470863342,-1,-1,-1
268,-1,1779,698,25,34,0.9941449761390686,-1,-1,-1
268,-1,847,1161,43,45,0.9842855334281921,-1,-1,-1
270,-1,850,1129,43,44,0.996236264705658,-1,-1,-1
271,-1,851,1115,44,47,0.9962273836135864,-1,-1,-1
272,-1,854,1107,43,45,0.9957464337348938,-1,-1,-1
273,-1,854,1107,43,45,0.9955592155456543,-1,-1,-1
274,-1,857,1103,43,45,0.9969058632850647,-1,-1,-1
275,-1,856,1099,44,48,0.9980196952819824,-1,-1,-1
276,-1,861,1099,44,47,0.9977565407752991,-1,-1,-1
277,-1,863,1100,44,48,0.9956868290901184,-1,-1,-1
278,-1,864,1103,45,46,0.9930582046508789,-1,-1,-1
279,-1,863,1103,46,46,0.9929510354995728,-1,-1,-1
280,-1,871,1111,43,44,0.9967447519302368,-1,-1,-1
281,-1,876,1125,41,40,0.9935944676399231,-1,-1,-1
282,-1,879,1136,44,42,0.9913456439971924,-1,-1,-1
283,-1,883,1149,41,48,0.9927734732627869,-1,-1,-1
283,-1,1760,695,28,30,0.9910284876823425,-1,-1,-1
284,-1,885,1172,42,42,0.9963640570640564,-1,-1,-1
284,-1,1754,686,29,33,0.9916683435440063,-1,-1,-1
285,-1,885,1172,42,42,0.9964191913604736,-1,-1,-1
285,-1,1754,686,29,33,0.9921838641166687,-1,-1,-1
286,-1,1747,671,31,38,0.9984652996063232,-1,-1,-1
286,-1,889,1190,42,47,0.9976708292961121,-1,-1,-1
287,-1,893,1215,41,45,0.9981154203414917,-1,-1,-1
287,-1,1744,663,36,39,0.9981027245521545,-1,-1,-1
288,-1,1735,659,35,33,0.9991714954376221,-1,-1,-1
288,-1,897,1239,44,52,0.9727109670639038,-1,-1,-1
289,-1,1731,657,32,33,0.9992546439170837,-1,-1,-1
289,-1,898,1228,46,41,0.9957680702209473,-1,-1,-1
290,-1,1723,654,31,30,0.9994656443595886,-1,-1,-1
290,-1,899,1213,47,42,0.995707094669342,-1,-1,-1
291,-1,1723,654,31,30,0.9994290471076965,-1,-1,-1
291,-1,899,1213,47,42,0.9957408905029297,-1,-1,-1
292,-1,1717,654,29,31,0.9994240999221802,-1,-1,-1
292,-1,902,1198,46,45,0.9954873919487,-1,-1,-1
293,-1,905,1188,43,45,0.998544454574585,-1,-1,-1
293,-1,1711,656,31,30,0.99308842420578,-1,-1,-1
294,-1,906,1180,45,44,0.9978973865509033,-1,-1,-1
294,-1,1704,660,32,28,0.9907863140106201,-1,-1,-1
295,-1,910,1177,44,42,0.9963037967681885,-1,-1,-1
296,-1,914,1174,43,42,0.9945481419563293,-1,-1,-1
297,-1,914,1174,43,42,0.9945486187934875,-1,-1,-1
298,-1,917,1174,43,42,0.9960088729858398,-1,-1,-1
299,-1,918,1176,45,44,0.9985085129737854,-1,-1,-1
300,-1,919,1183,50,43,0.9976670742034912,-1,-1,-1
300,-1,1667,710,37,35,0.9823671579360962,-1,-1,-1
301,-1,923,1189,50,46,0.9983548521995544,-1,-1,-1
302,-1,1657,753,31,30,0.9990414977073669,-1,-1,-1
302,-1,930,1199,45,46,0.9976963400840759,-1,-1,-1
303,-1,1657,752,31,31,0.9990397095680237,-1,-1,-1
303,-1,930,1199,45,47,0.9977577328681946,-1,-1,-1
304,-1,1649,772,31,35,0.9990215301513672,-1,-1,-1
304,-1,933,1215,45,46,0.9984549283981323,-1,-1,-1
305,-1,936,1231,47,45,0.9988777041435242,-1,-1,-1
305,-1,1642,797,32,33,0.9982898831367493,-1,-1,-1
306,-1,1633,825,34,30,0.998740017414093,-1,-1,-1
306,-1,940,1252,42,45,0.9979604482650757,-1,-1,-1
307,-1,943,1269,45,45,0.9985851049423218,-1,-1,-1
307,-1,1630,851,35,32,0.9838870167732239,-1,-1,-1
308,-1,945,1255,45,43,0.9978043437004089,-1,-1,-1
309,-1,945,1255,45,43,0.9977485537528992,-1,-1,-1
310,-1,1628,852,36,34,0.9959315657615662,-1,-1,-1
310,-1,946,1238,46,52,0.9932382106781006,-1,-1,-1
311,-1,948,1233,47,45,0.9980077147483826,-1,-1,-1
311,-1,1634,834,31,30,0.9970724582672119,-1,-1,-1
312,-1,1639,812,34,34,0.9988424181938171,-1,-1,-1
312,-1,949,1227,48,45,0.9985523819923401,-1,-1,-1
313,-1,1646,797,31,30,0.9987271428108215,-1,-1,-1
313,-1,952,1225,49,43,0.9985947012901306,-1,-1,-1
313,-1,960,1037,37,36,0.974055290222168,-1,-1,-1
314,-1,954,1221,52,47,0.998664379119873,-1,-1,-1
314,-1,1654,782,29,30,0.9963988065719604,-1,-1,-1
314,-1,958,1042,40,42,0.9605903625488281,-1,-1,-1
315,-1,956,1223,49,44,0.9981338381767273,-1,-1,-1
315,-1,1654,782,29,30,0.9963733553886414,-1,-1,-1
315,-1,958,1042,40,42,0.9655086994171143,-1,-1,-1
316,-1,1658,766,34,33,0.9995241165161133,-1,-1,-1
316,-1,960,1229,48,45,0.9970435500144958,-1,-1,-1
316,-1,953,1046,44,48,0.9903038144111633,-1,-1,-1
317,-1,1661,757,36,31,0.9989920258522034,-1,-1,-1
317,-1,953,1054,43,41,0.9963489770889282,-1,-1,-1
317,-1,962,1264,45,40,0.994950532913208,-1,-1,-1
318,-1,1667,750,32,31,0.99947589635849,-1,-1,-1
318,-1,972,1292,44,44,0.9946935772895813,-1,-1,-1
318,-1,954,1056,41,43,0.9894407391548157,-1,-1,-1
319,-1,1670,742,33,34,0.9991181492805481,-1,-1,-1
319,-1,956,1057,45,44,0.9914417862892151,-1,-1,-1
320,-1,1675,738,31,34,0.9954671859741211,-1,-1,-1
320,-1,961,1057,46,45,0.9845437407493591,-1,-1,-1
321,-1,1675,738,31,34,0.9955835938453674,-1,-1,-1
321,-1,961,1057,46,45,0.984310507774353,-1,-1,-1
322,-1,1679,736,37,35,0.9857081770896912,-1,-1,-1
322,-1,982,1237,41,40,0.9855709075927734,-1,-1,-1
323,-1,990,1222,43,42,0.9945051074028015,-1,-1,-1
323,-1,1684,736,39,36,0.9851642847061157,-1,-1,-1
324,-1,1689,738,36,36,0.9970762729644775,-1,-1,-1
324,-1,993,1211,42,40,0.9969015121459961,-1,-1,-1
325,-1,1692,752,36,32,0.9993023872375488,-1,-1,-1
325,-1,1001,1192,46,46,0.9975489974021912,-1,-1,-1
326,-1,1697,773,37,32,0.9987401366233826,-1,-1,-1
327,-1,1697,774,39,32,0.9990509152412415,-1,-1,-1
328,-1,1703,801,33,32,0.999455988407135,-1,-1,-1
328,-1,823,624,41,31,0.9809689521789551,-1,-1,-1
329,-1,1709,835,32,26,0.9950540065765381,-1,-1,-1
330,-1,1717,864,32,29,0.9984317421913147,-1,-1,-1
330,-1,1034,1152,50,39,0.9843384623527527,-1,-1,-1
331,-1,1720,862,35,32,0.9988804459571838,-1,-1,-1
331,-1,1036,1138,61,52,0.9588909149169922,-1,-1,-1
332,-1,1728,841,37,36,0.9542308449745178,-1,-1,-1
333,-1,1728,841,37,36,0.9548435211181641,-1,-1,-1
338,-1,1755,761,29,29,0.983242392539978,-1,-1,-1
339,-1,1755,761,29,29,0.9859234094619751,-1,-1,-1
340,-1,1758,752,29,30,0.993166983127594,-1,-1,-1
340,-1,1125,1110,41,38,0.9868075251579285,-1,-1,-1
341,-1,1133,1106,40,43,0.9727579951286316,-1,-1,-1
342,-1,1748,739,35,35,0.9725465774536133,-1,-1,-1
344,-1,1736,737,38,37,0.9684126377105713,-1,-1,-1
345,-1,1736,737,37,34,0.9769644737243652,-1,-1,-1
346,-1,1733,737,35,33,0.9959481358528137,-1,-1,-1
347,-1,1719,737,39,36,0.992068886756897,-1,-1,-1
348,-1,1713,736,34,38,0.967370867729187,-1,-1,-1
351,-1,1691,735,36,37,0.9536564350128174,-1,-1,-1
353,-1,1661,728,33,33,0.9883536100387573,-1,-1,-1
354,-1,1648,724,34,36,0.9984508752822876,-1,-1,-1
355,-1,1634,711,40,43,0.9934700727462769,-1,-1,-1
356,-1,1619,706,41,41,0.9972490668296814,-1,-1,-1
357,-1,1619,706,41,41,0.9972754120826721,-1,-1,-1
358,-1,1609,702,40,39,0.9975547194480896,-1,-1,-1
359,-1,1601,700,39,34,0.9987395405769348,-1,-1,-1
360,-1,1596,693,37,36,0.9979742169380188,-1,-1,-1
361,-1,1593,687,39,38,0.9973767995834351,-1,-1,-1
362,-1,1590,684,36,34,0.995140552520752,-1,-1,-1
363,-1,1590,684,36,34,0.9953487515449524,-1,-1,-1
364,-1,1590,678,39,33,0.997289776802063,-1,-1,-1
365,-1,1590,674,35,33,0.9970219731330872,-1,-1,-1
366,-1,1596,671,37,36,0.9970555305480957,-1,-1,-1
367,-1,1601,671,35,33,0.9979655742645264,-1,-1,-1
368,-1,1608,671,32,35,0.9973781108856201,-1,-1,-1
368,-1,1273,1100,43,48,0.9881817698478699,-1,-1,-1
369,-1,1608,671,32,35,0.997328519821167,-1,-1,-1
369,-1,1273,1100,43,48,0.9890341758728027,-1,-1,-1
370,-1,1613,669,29,35,0.9857820272445679,-1,-1,-1
370,-1,1280,1100,45,47,0.9769318699836731,-1,-1,-1
372,-1,1298,1095,43,54,0.9849951863288879,-1,-1,-1
373,-1,1306,1097,46,49,0.965543806552887,-1,-1,-1
374,-1,1317,1096,44,51,0.9756553769111633,-1,-1,-1
375,-1,1316,1096,45,51,0.9761173725128174,-1,-1,-1
380,-1,1372,1090,42,49,0.9560554027557373,-1,-1,-1
381,-1,1372,1090,42,49,0.9563794732093811,-1,-1,-1
382,-1,1382,1086,44,48,0.9606188535690308,-1,-1,-1
383,-1,1392,1085,45,44,0.9739457964897156,-1,-1,-1
386,-1,1425,1067,51,53,0.9730207920074463,-1,-1,-1
387,-1,1425,1067,51,53,0.9732470512390137,-1,-1,-1
389,-1,1443,1050,51,57,0.9905174374580383,-1,-1,-1
390,-1,1447,1043,47,44,0.9987621307373047,-1,-1,-1
391,-1,1451,1033,43,40,0.997826874256134,-1,-1,-1
392,-1,1455,1027,43,41,0.9878385066986084,-1,-1,-1
392,-1,1660,778,29,26,0.9674822688102722,-1,-1,-1
393,-1,1455,1027,43,41,0.9874528050422668,-1,-1,-1
393,-1,1660,778,29,26,0.9741409420967102,-1,-1,-1
394,-1,1665,754,28,27,0.9827468395233154,-1,-1,-1
394,-1,1457,1025,40,41,0.971764326095581,-1,-1,-1
395,-1,1666,727,31,31,0.99712735414505,-1,-1,-1
395,-1,1456,1020,44,43,0.9717581272125244,-1,-1,-1
396,-1,1670,706,32,34,0.9823532104492188,-1,-1,-1
396,-1,1463,1026,36,38,0.9787715077400208,-1,-1,-1
397,-1,1673,688,31,35,0.9978150129318237,-1,-1,-1
397,-1,1472,1032,34,39,0.9827762842178345,-1,-1,-1
398,-1,1676,673,33,38,0.9985211491584778,-1,-1,-1
399,-1,1676,673,33,38,0.9985139966011047,-1,-1,-1
400,-1,1678,660,36,36,0.9943640232086182,-1,-1,-1
401,-1,1679,656,38,33,0.9654965996742249,-1,-1,-1
402,-1,1687,647,33,30,0.9946728348731995,-1,-1,-1
403,-1,1691,640,32,29,0.9936072826385498,-1,-1,-1
403,-1,1432,1127,49,46,0.964982807636261,-1,-1,-1
404,-1,1692,634,33,31,0.9927113056182861,-1,-1,-1
405,-1,1692,634,33,31,0.9929024577140808,-1,-1,-1
406,-1,1692,630,35,32,0.9676283001899719,-1,-1,-1
407,-1,1696,627,32,32,0.9870051145553589,-1,-1,-1
409,-1,1695,622,34,34,0.9604372978210449,-1,-1,-1
410,-1,1696,620,33,33,0.97368323802948,-1,-1,-1
411,-1,1696,620,33,33,0.974484384059906,-1,-1,-1
414,-1,1685,610,37,32,0.9580104947090149,-1,-1,-1
415,-1,1680,607,38,31,0.9526050686836243,-1,-1,-1
418,-1,1285,1221,51,52,0.998874843120575,-1,-1,-1
419,-1,1266,1221,41,44,0.9932196736335754,-1,-1,-1
427,-1,1279,964,46,49,0.9812565445899963,-1,-1,-1
430,-1,1271,903,41,46,0.9909267425537109,-1,-1,-1
430,-1,1305,992,37,43,0.9504334926605225,-1,-1,-1
431,-1,1266,861,32,40,0.9933156371116638,-1,-1,-1
432,-1,1233,805,39,43,0.9992544054985046,-1,-1,-1
433,-1,1204,753,39,40,0.9993057250976562,-1,-1,-1
434,-1,1171,704,41,42,0.9985935091972351,-1,-1,-1
435,-1,1171,704,42,42,0.9985352754592896,-1,-1,-1
436,-1,1138,658,42,42,0.9985195994377136,-1,-1,-1
437,-1,1115,620,39,48,0.997200608253479,-1,-1,-1
438,-1,1083,584,35,36,0.9946581721305847,-1,-1,-1
454,-1,1513,555,30,34,0.9825682640075684,-1,-1,-1
455,-1,1512,553,31,34,0.9950719475746155,-1,-1,-1
456,-1,1512,552,31,35,0.980192244052887,-1,-1,-1
457,-1,1511,548,31,36,0.9904084205627441,-1,-1,-1
458,-1,1512,546,31,36,0.989815354347229,-1,-1,-1
459,-1,1512,546,30,36,0.9903371334075928,-1,-1,-1
460,-1,1513,545,28,37,0.9878338575363159,-1,-1,-1
461,-1,1513,545,28,34,0.971390426158905,-1,-1,-1
462,-1,1514,543,27,36,0.9784310460090637,-1,-1,-1
463,-1,1515,543,26,37,0.973371148109436,-1,-1,-1
464,-1,1515,542,25,36,0.976984441280365,-1,-1,-1
465,-1,1515,542,26,37,0.9780281186103821,-1,-1,-1
467,-1,1516,545,24,33,0.9615074992179871,-1,-1,-1
468,-1,551,509,34,30,0.9618314504623413,-1,-1,-1
469,-1,1514,544,26,32,0.9810880422592163,-1,-1,-1
473,-1,525,428,43,35,0.9804218411445618,-1,-1,-1
474,-1,523,416,39,39,0.9934121966362,-1,-1,-1
474,-1,1507,529,26,40,0.9691911339759827,-1,-1,-1
475,-1,1504,523,28,37,0.9969003200531006,-1,-1,-1
475,-1,518,409,37,41,0.9761318564414978,-1,-1,-1
476,-1,1505,516,26,34,0.9960105419158936,-1,-1,-1
477,-1,1505,516,27,34,0.9963142275810242,-1,-1,-1
478,-1,1501,507,27,32,0.991267740726471,-1,-1,-1
479,-1,1499,497,28,33,0.9846987128257751,-1,-1,-1
494,-1,1457,549,35,33,0.966767430305481,-1,-1,-1
495,-1,1460,546,32,34,0.9637928605079651,-1,-1,-1
496,-1,1458,566,31,27,0.9846549034118652,-1,-1,-1
497,-1,1458,584,27,28,0.9917587637901306,-1,-1,-1
498,-1,1453,611,28,30,0.9858971238136292,-1,-1,-1
499,-1,1452,628,31,30,0.9982770681381226,-1,-1,-1
500,-1,1448,636,28,23,0.9858906269073486,-1,-1,-1
501,-1,1448,636,28,23,0.9876177906990051,-1,-1,-1
502,-1,1443,613,33,30,0.9858403205871582,-1,-1,-1
504,-1,1436,576,31,29,0.9907442927360535,-1,-1,-1
505,-1,1432,563,29,27,0.9962775111198425,-1,-1,-1
506,-1,425,857,44,33,0.9724242687225342,-1,-1,-1
507,-1,426,857,43,33,0.9744097590446472,-1,-1,-1
510,-1,411,762,32,30,0.9702194929122925,-1,-1,-1
511,-1,406,731,34,36,0.9845720529556274,-1,-1,-1
514,-1,393,684,33,33,0.9917789101600647,-1,-1,-1
515,-1,389,667,32,34,0.9955418705940247,-1,-1,-1
516,-1,385,662,32,32,0.9927430152893066,-1,-1,-1
522,-1,1376,561,29,28,0.9931950569152832,-1,-1,-1
523,-1,1373,570,30,28,0.9974406957626343,-1,-1,-1
524,-1,1373,586,27,23,0.9882161021232605,-1,-1,-1
525,-1,1373,586,27,24,0.9883458614349365,-1,-1,-1
527,-1,344,700,31,37,0.997559666633606,-1,-1,-1
528,-1,346,714,35,40,0.9988699555397034,-1,-1,-1
529,-1,352,739,32,33,0.9987047910690308,-1,-1,-1
530,-1,360,758,33,32,0.9720539450645447,-1,-1,-1
531,-1,360,758,33,32,0.9757137298583984,-1,-1,-1
532,-1,1351,579,31,22,0.9924271106719971,-1,-1,-1
540,-1,360,788,36,32,0.9879081845283508,-1,-1,-1
548,-1,482,749,28,27,0.9973405003547668,-1,-1,-1
549,-1,482,748,28,29,0.9970040917396545,-1,-1,-1
550,-1,520,756,36,34,0.9984983205795288,-1,-1,-1
551,-1,563,762,38,43,0.9986100196838379,-1,-1,-1
552,-1,606,781,36,38,0.9991936087608337,-1,-1,-1
552,-1,1387,468,30,29,0.9710586071014404,-1,-1,-1
553,-1,655,800,36,35,0.99920254945755,-1,-1,-1
554,-1,702,820,37,36,0.999329686164856,-1,-1,-1
554,-1,1396,480,31,32,0.9914234280586243,-1,-1,-1
555,-1,702,820,37,36,0.9993411898612976,-1,-1,-1
555,-1,1395,482,32,31,0.9917116165161133,-1,-1,-1
556,-1,752,842,37,38,0.994932234287262,-1,-1,-1
556,-1,1405,491,28,27,0.9657608866691589,-1,-1,-1
557,-1,800,864,36,37,0.9988081455230713,-1,-1,-1
557,-1,1410,503,30,27,0.9719236493110657,-1,-1,-1
558,-1,849,895,35,36,0.9974877834320068,-1,-1,-1
559,-1,900,926,36,39,0.9973350167274475,-1,-1,-1
560,-1,949,954,45,41,0.9972894191741943,-1,-1,-1
561,-1,949,954,43,42,0.9971708655357361,-1,-1,-1
562,-1,1003,993,38,39,0.998603880405426,-1,-1,-1
563,-1,1057,1038,34,33,0.995634138584137,-1,-1,-1
563,-1,1424,613,32,30,0.9929632544517517,-1,-1,-1
565,-1,1424,624,27,25,0.9615824818611145,-1,-1,-1
566,-1,1422,604,28,32,0.9922286868095398,-1,-1,-1
567,-1,1422,604,29,32,0.9922310709953308,-1,-1,-1
571,-1,1304,1067,39,46,0.9752205014228821,-1,-1,-1
572,-1,1329,1058,39,48,0.9910392165184021,-1,-1,-1
573,-1,1329,1058,39,48,0.9910638332366943,-1,-1,-1
574,-1,1358,1054,40,45,0.9949957132339478,-1,-1,-1
589,-1,1397,1118,42,45,0.9738967418670654,-1,-1,-1
590,-1,1390,1120,39,42,0.988037109375,-1,-1,-1
591,-1,1390,1120,39,42,0.9882374405860901,-1,-1,-1
592,-1,1382,1119,41,42,0.9839147329330444,-1,-1,-1
594,-1,1368,1124,35,40,0.9904841184616089,-1,-1,-1
595,-1,1362,1127,38,42,0.9956356883049011,-1,-1,-1
596,-1,1356,1126,42,46,0.9967674016952515,-1,-1,-1
597,-1,1356,1126,42,46,0.9967442750930786,-1,-1,-1
598,-1,1350,1126,45,48,0.9927791953086853,-1,-1,-1
599,-1,1347,1126,44,49,0.9681277275085449,-1,-1,-1
600,-1,1343,1126,46,48,0.9922243356704712,-1,-1,-1
601,-1,1340,1126,48,48,0.9884917736053467,-1,-1,-1
602,-1,1339,1128,49,47,0.9912644624710083,-1,-1,-1
603,-1,1340,1128,47,48,0.9909945130348206,-1,-1,-1
604,-1,1338,1131,54,48,0.9957056641578674,-1,-1,-1
605,-1,1342,1139,48,47,0.9967746138572693,-1,-1,-1
606,-1,1343,1149,49,50,0.9986531734466553,-1,-1,-1
607,-1,1345,1166,42,48,0.9986706972122192,-1,-1,-1
608,-1,1339,1173,45,47,0.9813476800918579,-1,-1,-1
609,-1,1339,1173,45,47,0.9804722666740417,-1,-1,-1
623,-1,1280,826,24,25,0.9841604828834534,-1,-1,-1
623,-1,1278,771,30,29,0.9730807542800903,-1,-1,-1
624,-1,1235,720,42,35,0.9915295839309692,-1,-1,-1
625,-1,1199,676,45,35,0.9978545308113098,-1,-1,-1
626,-1,1176,637,35,31,0.9842007756233215,-1,-1,-1
627,-1,1176,637,35,31,0.9851968288421631,-1,-1,-1
629,-1,1104,562,46,30,0.975222647190094,-1,-1,-1
667,-1,1003,690,36,36,0.953007161617279,-1,-1,-1
668,-1,599,626,36,37,0.9666082262992859,-1,-1,-1
669,-1,599,626,36,37,0.9656972289085388,-1,-1,-1
671,-1,610,657,40,45,0.9960078001022339,-1,-1,-1
672,-1,619,684,38,35,0.9973133206367493,-1,-1,-1
673,-1,627,707,36,37,0.9979706406593323,-1,-1,-1
679,-1,671,869,36,31,0.9879976511001587,-1,-1,-1
680,-1,682,907,32,33,0.9943630695343018,-1,-1,-1
681,-1,682,907,32,33,0.9939811825752258,-1,-1,-1
684,-1,707,1029,41,37,0.990778923034668,-1,-1,-1
685,-1,931,661,33,31,0.9811418652534485,-1,-1,-1
685,-1,707,1004,39,35,0.9681182503700256,-1,-1,-1
686,-1,918,663,39,33,0.9967278242111206,-1,-1,-1
687,-1,918,663,39,33,0.997126042842865,-1,-1,-1
688,-1,706,951,32,33,0.9803196787834167,-1,-1,-1
690,-1,697,903,42,37,0.9662459492683411,-1,-1,-1
691,-1,696,886,40,34,0.9531275629997253,-1,-1,-1
716,-1,817,833,31,34,0.9951865077018738,-1,-1,-1
717,-1,817,833,31,35,0.9948363304138184,-1,-1,-1
718,-1,850,827,37,43,0.976984441280365,-1,-1,-1
719,-1,894,826,34,39,0.997759222984314,-1,-1,-1
722,-1,1028,834,35,34,0.9971405267715454,-1,-1,-1
723,-1,1028,834,35,34,0.9971945285797119,-1,-1,-1
724,-1,1071,840,34,35,0.9994681477546692,-1,-1,-1
725,-1,1117,850,35,36,0.9973415732383728,-1,-1,-1
726,-1,1164,858,35,43,0.9932124614715576,-1,-1,-1
727,-1,1210,878,37,41,0.9932451844215393,-1,-1,-1
728,-1,1257,897,38,39,0.9973613619804382,-1,-1,-1
729,-1,1257,897,38,39,0.9972566962242126,-1,-1,-1
730,-1,1306,919,36,39,0.9941272735595703,-1,-1,-1
738,-1,593,347,40,34,0.9614328145980835,-1,-1,-1
743,-1,515,538,41,35,0.976416826248169,-1,-1,-1
748,-1,536,646,41,37,0.9993638396263123,-1,-1,-1
750,-1,556,700,33,29,0.992986261844635,-1,-1,-1
751,-1,567,732,30,32,0.99540776014328,-1,-1,-1
752,-1,571,760,45,41,0.997115969657898,-1,-1,-1
753,-1,571,759,45,42,0.9971725940704346,-1,-1,-1
754,-1,585,797,36,35,0.9990946054458618,-1,-1,-1
755,-1,595,835,34,36,0.9992783665657043,-1,-1,-1
755,-1,407,845,28,29,0.9553224444389343,-1,-1,-1
756,-1,602,873,35,36,0.99932861328125,-1,-1,-1
756,-1,407,844,27,31,0.9672577977180481,-1,-1,-1
757,-1,610,916,41,40,0.9964662790298462,-1,-1,-1
757,-1,409,845,25,28,0.9863691329956055,-1,-1,-1
758,-1,621,959,40,38,0.9976730942726135,-1,-1,-1
759,-1,622,959,39,38,0.9975716471672058,-1,-1,-1
759,-1,407,845,26,29,0.950717031955719,-1,-1,-1
760,-1,631,1007,37,37,0.9989562034606934,-1,-1,-1
760,-1,407,845,26,30,0.9528861045837402,-1,-1,-1
761,-1,637,980,48,37,0.9918618202209473,-1,-1,-1
762,-1,649,945,41,42,0.9936770796775818,-1,-1,-1
763,-1,654,912,39,33,0.9549482464790344,-1,-1,-1
764,-1,658,877,40,35,0.9919050931930542,-1,-1,-1
765,-1,656,879,42,33,0.9923931360244751,-1,-1,-1
766,-1,668,849,40,37,0.9909033179283142,-1,-1,-1
768,-1,683,802,39,35,0.9940913319587708,-1,-1,-1
769,-1,694,782,35,34,0.9934449195861816,-1,-1,-1
770,-1,702,759,35,37,0.9980277419090271,-1,-1,-1
771,-1,702,759,35,37,0.9979946613311768,-1,-1,-1
772,-1,708,747,34,33,0.9991768002510071,-1,-1,-1
773,-1,717,730,37,38,0.9950424432754517,-1,-1,-1
774,-1,726,718,39,38,0.9977916479110718,-1,-1,-1
775,-1,734,709,39,35,0.9966889023780823,-1,-1,-1
776,-1,744,703,37,35,0.9974454641342163,-1,-1,-1
777,-1,744,703,37,35,0.9974508881568909,-1,-1,-1
778,-1,752,699,37,35,0.9988389611244202,-1,-1,-1
779,-1,758,698,39,33,0.9965683221817017,-1,-1,-1
780,-1,767,700,40,32,0.996394693851471,-1,-1,-1
781,-1,778,704,37,32,0.996060311794281,-1,-1,-1
782,-1,788,705,36,35,0.998237133026123,-1,-1,-1
783,-1,788,705,36,35,0.9982885718345642,-1,-1,-1
784,-1,788,706,37,34,0.9982085227966309,-1,-1,-1
786,-1,823,755,36,31,0.996315062046051,-1,-1,-1
786,-1,787,709,43,33,0.9736451506614685,-1,-1,-1
787,-1,835,769,34,35,0.9978502988815308,-1,-1,-1
787,-1,789,707,40,34,0.9858270287513733,-1,-1,-1
788,-1,843,784,32,36,0.9985172152519226,-1,-1,-1
788,-1,791,708,40,34,0.9908936023712158,-1,-1,-1
789,-1,843,784,32,36,0.9985087513923645,-1,-1,-1
789,-1,791,708,40,34,0.9909358620643616,-1,-1,-1
790,-1,852,803,32,35,0.9987987279891968,-1,-1,-1
790,-1,791,709,42,34,0.9904925227165222,-1,-1,-1
791,-1,860,828,35,32,0.9985626339912415,-1,-1,-1
791,-1,791,709,42,34,0.9925948977470398,-1,-1,-1
792,-1,871,851,35,32,0.9985841512680054,-1,-1,-1
792,-1,791,709,40,34,0.9920446872711182,-1,-1,-1
792,-1,1353,1058,49,54,0.964302122592926,-1,-1,-1
793,-1,880,882,32,34,0.997465968132019,-1,-1,-1
793,-1,791,709,42,34,0.9856677055358887,-1,-1,-1
793,-1,1351,1058,45,53,0.9760423898696899,-1,-1,-1
794,-1,892,899,28,33,0.9971250891685486,-1,-1,-1
794,-1,790,709,42,35,0.9932447075843811,-1,-1,-1
794,-1,1350,1060,48,51,0.9914646744728088,-1,-1,-1
795,-1,892,899,28,33,0.9971473813056946,-1,-1,-1
795,-1,1350,1061,48,49,0.993658721446991,-1,-1,-1
795,-1,790,709,42,35,0.9932525753974915,-1,-1,-1
796,-1,894,869,30,36,0.9989134073257446,-1,-1,-1
796,-1,791,708,43,35,0.9906724095344543,-1,-1,-1
796,-1,1352,1068,45,44,0.9845625758171082,-1,-1,-1
797,-1,899,845,33,36,0.9995468258857727,-1,-1,-1
797,-1,791,709,42,34,0.9917263984680176,-1,-1,-1
797,-1,1352,1071,40,41,0.9770236611366272,-1,-1,-1
798,-1,905,820,30,35,0.9974966645240784,-1,-1,-1
798,-1,1350,1074,42,44,0.996166467666626,-1,-1,-1
799,-1,909,801,37,32,0.9974454641342163,-1,-1,-1
799,-1,1352,1079,43,43,0.9899569153785706,-1,-1,-1
800,-1,917,781,36,35,0.9980149269104004,-1,-1,-1
800,-1,1353,1083,41,45,0.9543830752372742,-1,-1,-1
801,-1,917,781,36,35,0.9979836940765381,-1,-1,-1
801,-1,1353,1084,41,44,0.9546583890914917,-1,-1,-1
802,-1,923,763,37,36,0.998576283454895,-1,-1,-1
802,-1,1354,1088,41,46,0.9933650493621826,-1,-1,-1
803,-1,929,752,38,33,0.9984104633331299,-1,-1,-1
803,-1,1355,1091,43,49,0.9972471594810486,-1,-1,-1
804,-1,936,739,36,32,0.9972248077392578,-1,-1,-1
804,-1,1359,1100,42,48,0.99347323179245,-1,-1,-1
805,-1,941,729,38,31,0.9875725507736206,-1,-1,-1
805,-1,1365,1113,39,45,0.9569898247718811,-1,-1,-1
806,-1,946,719,40,32,0.9972791075706482,-1,-1,-1
806,-1,1367,1121,40,47,0.9881693124771118,-1,-1,-1
807,-1,946,719,40,32,0.9973620772361755,-1,-1,-1
807,-1,1367,1121,40,47,0.9876872897148132,-1,-1,-1
808,-1,954,711,45,42,0.9955346584320068,-1,-1,-1
809,-1,957,709,41,37,0.9971110820770264,-1,-1,-1
809,-1,1357,1140,43,48,0.9958963394165039,-1,-1,-1
810,-1,966,708,32,35,0.9954099059104919,-1,-1,-1
812,-1,1285,1077,45,41,0.9909034371376038,-1,-1,-1
813,-1,1285,1077,45,41,0.9898287057876587,-1,-1,-1
820,-1,1312,774,32,37,0.9648106694221497,-1,-1,-1
821,-1,1279,729,35,32,0.997427761554718,-1,-1,-1
822,-1,1237,684,37,35,0.9915984869003296,-1,-1,-1
823,-1,1206,644,34,28,0.9911432266235352,-1,-1,-1
839,-1,834,363,41,35,0.9560447335243225,-1,-1,-1
845,-1,840,427,34,33,0.9856245517730713,-1,-1,-1
848,-1,780,407,39,36,0.9652118682861328,-1,-1,-1
849,-1,781,407,38,36,0.9619684219360352,-1,-1,-1
850,-1,761,403,42,38,0.990871012210846,-1,-1,-1
851,-1,745,402,36,39,0.9855880737304688,-1,-1,-1
857,-1,514,529,46,39,0.9709034562110901,-1,-1,-1
858,-1,634,454,37,40,0.9874774217605591,-1,-1,-1
858,-1,513,509,43,38,0.9610592722892761,-1,-1,-1
865,-1,565,496,44,36,0.9586284756660461,-1,-1,-1
884,-1,578,686,44,44,0.9622058868408203,-1,-1,-1
885,-1,576,687,48,43,0.95928555727005,-1,-1,-1
886,-1,554,739,37,36,0.9886922836303711,-1,-1,-1
888,-1,564,801,60,55,0.9691333770751953,-1,-1,-1
889,-1,602,920,29,35,0.997306227684021,-1,-1,-1
889,-1,598,865,36,37,0.9963906407356262,-1,-1,-1
889,-1,560,801,59,45,0.9860846400260925,-1,-1,-1
890,-1,600,876,34,33,0.9808772206306458,-1,-1,-1
890,-1,562,806,47,42,0.9609049558639526,-1,-1,-1
891,-1,600,876,34,33,0.9813933968544006,-1,-1,-1
891,-1,562,806,47,42,0.961358904838562,-1,-1,-1
892,-1,562,807,48,42,0.978054940700531,-1,-1,-1
895,-1,601,957,30,38,0.9947305917739868,-1,-1,-1
896,-1,601,928,28,31,0.9963506460189819,-1,-1,-1
897,-1,601,928,28,31,0.9961951971054077,-1,-1,-1
904,-1,571,804,62,71,0.9716584086418152,-1,-1,-1
905,-1,577,810,62,59,0.9850327968597412,-1,-1,-1
906,-1,578,807,62,57,0.9851644039154053,-1,-1,-1
908,-1,702,902,30,33,0.983540952205658,-1,-1,-1
909,-1,702,902,30,33,0.9844626188278198,-1,-1,-1
910,-1,703,902,31,35,0.9703091382980347,-1,-1,-1
911,-1,704,903,32,38,0.9959521293640137,-1,-1,-1
912,-1,704,905,33,35,0.9974306225776672,-1,-1,-1
913,-1,704,905,36,37,0.9972374439239502,-1,-1,-1
914,-1,706,904,38,41,0.9950522780418396,-1,-1,-1
915,-1,706,905,38,40,0.9954739212989807,-1,-1,-1
916,-1,708,906,40,37,0.991005539894104,-1,-1,-1
917,-1,709,905,44,39,0.9902804493904114,-1,-1,-1
918,-1,713,905,43,38,0.9848127961158752,-1,-1,-1
918,-1,636,824,29,30,0.9675352573394775,-1,-1,-1
919,-1,718,905,41,40,0.9969391822814941,-1,-1,-1
920,-1,724,906,38,37,0.9955664277076721,-1,-1,-1
921,-1,723,906,39,37,0.9955043196678162,-1,-1,-1
922,-1,726,905,37,38,0.9951881170272827,-1,-1,-1
923,-1,728,906,37,37,0.9962670207023621,-1,-1,-1
924,-1,725,906,40,36,0.9952804446220398,-1,-1,-1
925,-1,727,906,38,37,0.9918317198753357,-1,-1,-1
926,-1,726,907,40,36,0.9780241250991821,-1,-1,-1
927,-1,726,907,40,36,0.9781044125556946,-1,-1,-1
928,-1,727,908,40,37,0.9881759881973267,-1,-1,-1
929,-1,727,907,39,38,0.9919365644454956,-1,-1,-1
930,-1,727,906,40,38,0.995408833026886,-1,-1,-1
931,-1,729,905,39,39,0.9961016178131104,-1,-1,-1
932,-1,728,905,38,40,0.9926522970199585,-1,-1,-1
933,-1,728,905,38,40,0.992258608341217,-1,-1,-1
934,-1,727,906,39,38,0.9803347587585449,-1,-1,-1
940,-1,732,905,42,41,0.9927714467048645,-1,-1,-1
941,-1,735,905,41,40,0.9790259003639221,-1,-1,-1
942,-1,737,905,40,37,0.9893524050712585,-1,-1,-1
943,-1,736,902,43,39,0.989447832107544,-1,-1,-1
944,-1,735,898,50,45,0.9907438158988953,-1,-1,-1
945,-1,735,898,50,45,0.9906905889511108,-1,-1,-1
946,-1,743,897,41,38,0.9792408347129822,-1,-1,-1
947,-1,748,891,39,40,0.9832490682601929,-1,-1,-1
948,-1,748,891,40,38,0.9607186317443848,-1,-1,-1
950,-1,759,880,36,32,0.9544948935508728,-1,-1,-1
951,-1,759,880,36,33,0.9570095539093018,-1,-1,-1
952,-1,760,878,38,31,0.9896166324615479,-1,-1,-1
953,-1,761,877,38,32,0.9944406151771545,-1,-1,-1
954,-1,762,875,39,34,0.9974339604377747,-1,-1,-1
955,-1,759,876,43,34,0.9933680891990662,-1,-1,-1
956,-1,761,875,41,34,0.988564133644104,-1,-1,-1
957,-1,761,875,41,34,0.9895048141479492,-1,-1,-1
958,-1,763,875,40,35,0.975953221321106,-1,-1,-1