0,-1,1978,1306,80,234,0.9977198243141174,-1,-1,-1,0
0,-1,2184,1978,142,150,0.996378481388092,-1,-1,-1,1
0,-1,2402,984,90,148,0.9954497218132019,-1,-1,-1,0
0,-1,2640,1434,124,318,0.9953187108039856,-1,-1,-1,2
0,-1,1968,1970,124,156,0.9949755668640137,-1,-1,-1,1
0,-1,2090,1988,108,138,0.9947119951248169,-1,-1,-1,1
0,-1,2826,1278,80,226,0.9913826584815979,-1,-1,-1,1
0,-1,2746,1088,86,230,0.9830864667892456,-1,-1,-1,1
0,-1,672,1916,152,176,0.9777588844299316,-1,-1,-1,1
0,-1,3096,1354,118,286,0.9749669432640076,-1,-1,-1,2
0,-1,3210,1164,72,230,0.9749308228492737,-1,-1,-1,1
0,-1,2324,1972,108,150,0.9678878784179688,-1,-1,-1,1
0,-1,1306,1946,120,142,0.9652613997459412,-1,-1,-1,1
0,-1,3174,1888,136,152,0.9590596556663513,-1,-1,-1,1
0,-1,2780,1972,140,186,0.9564700722694397,-1,-1,-1,1
0,-1,1740,1950,138,172,0.9416468143463135,-1,-1,-1,1
0,-1,316,1838,94,166,0.938814103603363,-1,-1,-1,1
0,-1,1710,1780,102,124,0.9351447224617004,-1,-1,-1,1
0,-1,2926,1958,190,198,0.9328938722610474,-1,-1,-1,1
0,-1,504,1952,212,202,0.9216400980949402,-1,-1,-1,1
0,-1,3648,1156,74,190,0.916403591632843,-1,-1,-1,1
0,-1,3030,1928,142,120,0.910218358039856,-1,-1,-1,1
0,-1,2548,1096,86,264,0.8908519744873047,-1,-1,-1,1
0,-1,2606,1206,70,230,0.8906973600387573,-1,-1,-1,1
0,-1,896,2008,86,74,0.8847562074661255,-1,-1,-1,1
0,-1,1144,2010,80,90,0.883876383304596,-1,-1,-1,1
0,-1,1574,2058,118,92,0.8809338212013245,-1,-1,-1,1
0,-1,424,1866,92,152,0.8741851449012756,-1,-1,-1,1
0,-1,980,1976,82,116,0.8730884194374084,-1,-1,-1,1
0,-1,1034,1994,102,102,0.8694348931312561,-1,-1,-1,1
0,-1,214,1870,118,260,0.8524214625358582,-1,-1,-1,1
0,-1,160,1266,84,158,0.8271849155426025,-1,-1,-1,1
0,-1,3500,1158,76,220,0.8061946630477905,-1,-1,-1,0
0,-1,96,1324,76,116,0.7758951783180237,-1,-1,-1,1
1,-1,1978,1306,82,234,0.9967993497848511,-1,-1,-1,0
1,-1,2184,1978,142,150,0.9963456988334656,-1,-1,-1,1
1,-1,2640,1430,120,316,0.9955856800079346,-1,-1,-1,2
1,-1,2400,984,94,148,0.9953670501708984,-1,-1,-1,0
1,-1,1968,1970,122,156,0.9948387742042542,-1,-1,-1,1
1,-1,2090,1988,108,138,0.9945769309997559,-1,-1,-1,1
1,-1,2822,1278,84,226,0.9917140603065491,-1,-1,-1,1
1,-1,2732,1092,100,220,0.988519012928009,-1,-1,-1,1
1,-1,3092,1356,114,286,0.9871438145637512,-1,-1,-1,2
1,-1,3208,1166,74,226,0.983889102935791,-1,-1,-1,1
1,-1,672,1916,152,174,0.9776420593261719,-1,-1,-1,1
1,-1,2320,1970,112,150,0.9680917263031006,-1,-1,-1,1
1,-1,2778,1972,142,184,0.9667250514030457,-1,-1,-1,1
1,-1,1308,1944,118,142,0.9622560739517212,-1,-1,-1,1
1,-1,3176,1888,134,152,0.9605718851089478,-1,-1,-1,1
1,-1,2924,1960,190,196,0.9422131180763245,-1,-1,-1,1
1,-1,1740,1950,138,172,0.9372772574424744,-1,-1,-1,1
1,-1,312,1844,98,164,0.9370107054710388,-1,-1,-1,1
1,-1,1708,1778,106,126,0.9353510737419128,-1,-1,-1,1
1,-1,3646,1156,76,190,0.9288327693939209,-1,-1,-1,1
1,-1,3062,1062,64,194,0.9271252751350403,-1,-1,-1,2
1,-1,3030,1928,142,120,0.9263643622398376,-1,-1,-1,1
1,-1,504,1952,214,202,0.9207202792167664,-1,-1,-1,1
1,-1,3502,1150,82,228,0.8967622518539429,-1,-1,-1,0
1,-1,894,2006,96,84,0.8910647034645081,-1,-1,-1,1
1,-1,1146,2010,78,92,0.8862810134887695,-1,-1,-1,1
1,-1,422,1866,94,150,0.8835336565971375,-1,-1,-1,1
1,-1,214,1870,116,260,0.8771675825119019,-1,-1,-1,1
1,-1,1034,1994,100,104,0.8699530363082886,-1,-1,-1,1
1,-1,984,1976,80,116,0.8665022253990173,-1,-1,-1,1
1,-1,2548,1094,86,266,0.8653137683868408,-1,-1,-1,1
1,-1,2606,1202,68,232,0.8417251706123352,-1,-1,-1,1
1,-1,160,1266,84,158,0.8262346386909485,-1,-1,-1,1
1,-1,1572,2058,114,76,0.8210794925689697,-1,-1,-1,1
1,-1,96,1324,78,116,0.7723326683044434,-1,-1,-1,1
1,-1,256,1160,104,206,0.7611176371574402,-1,-1,-1,1
2,-1,1976,1304,86,238,0.9966540336608887,-1,-1,-1,0
2,-1,2184,1978,142,150,0.9964346885681152,-1,-1,-1,1
2,-1,2406,986,88,146,0.9952517747879028,-1,-1,-1,0
2,-1,2090,1988,108,138,0.9947404265403748,-1,-1,-1,1
2,-1,1974,1970,116,156,0.9946907162666321,-1,-1,-1,1
2,-1,2640,1430,114,310,0.9940074682235718,-1,-1,-1,2
2,-1,2820,1282,82,226,0.99164879322052,-1,-1,-1,1
2,-1,2732,1092,100,222,0.9902515411376953,-1,-1,-1,1
2,-1,3092,1348,112,304,0.9893711805343628,-1,-1,-1,2
2,-1,3208,1164,74,226,0.980166494846344,-1,-1,-1,1
2,-1,672,1916,152,174,0.9780488014221191,-1,-1,-1,1
2,-1,3174,1888,136,154,0.9650141000747681,-1,-1,-1,1
2,-1,2778,1974,142,182,0.9646901488304138,-1,-1,-1,1
2,-1,2320,1970,110,148,0.9640541076660156,-1,-1,-1,1
2,-1,1310,1944,116,140,0.9566313028335571,-1,-1,-1,1
2,-1,3058,1060,66,196,0.9436269998550415,-1,-1,-1,2
2,-1,1740,1952,138,170,0.9387867450714111,-1,-1,-1,1
2,-1,2924,1962,188,192,0.9353237152099609,-1,-1,-1,1
2,-1,3030,1928,142,122,0.9336476922035217,-1,-1,-1,1
2,-1,1710,1778,104,126,0.9320118427276611,-1,-1,-1,1
2,-1,3646,1156,76,190,0.9308497905731201,-1,-1,-1,1
2,-1,3508,1148,76,228,0.9290942549705505,-1,-1,-1,0
2,-1,312,1852,96,156,0.924708902835846,-1,-1,-1,1
2,-1,502,1952,218,202,0.9245926141738892,-1,-1,-1,1
2,-1,406,1870,106,148,0.9118421673774719,-1,-1,-1,1
2,-1,900,2002,88,80,0.8815674781799316,-1,-1,-1,1
2,-1,1144,2012,80,90,0.8814374208450317,-1,-1,-1,1
2,-1,212,1878,118,250,0.8681139945983887,-1,-1,-1,1
2,-1,984,1976,80,116,0.8673656582832336,-1,-1,-1,1
2,-1,1034,1994,100,102,0.8555616140365601,-1,-1,-1,1
2,-1,2550,1096,92,262,0.8381022214889526,-1,-1,-1,1
2,-1,160,1266,84,158,0.837402880191803,-1,-1,-1,1
2,-1,1572,2058,114,76,0.8218562006950378,-1,-1,-1,1
2,-1,2606,1202,68,232,0.7769917249679565,-1,-1,-1,1
2,-1,96,1324,78,116,0.7762860059738159,-1,-1,-1,1
2,-1,256,1162,104,204,0.7732760310173035,-1,-1,-1,1
3,-1,1976,1302,86,238,0.9970468878746033,-1,-1,-1,0
3,-1,2184,1978,142,150,0.9965013265609741,-1,-1,-1,1
3,-1,1974,1970,116,156,0.9946764707565308,-1,-1,-1,1
3,-1,2090,1988,108,138,0.9946591258049011,-1,-1,-1,1
3,-1,2412,982,84,148,0.9922289252281189,-1,-1,-1,0
3,-1,2730,1092,100,220,0.9915280342102051,-1,-1,-1,1
3,-1,2818,1282,84,226,0.9906822443008423,-1,-1,-1,1
3,-1,2640,1428,108,302,0.9905836582183838,-1,-1,-1,2
3,-1,3084,1348,118,298,0.9902998208999634,-1,-1,-1,2
3,-1,3206,1162,78,230,0.9814369082450867,-1,-1,-1,1
3,-1,670,1910,154,174,0.9807688593864441,-1,-1,-1,1
3,-1,2320,1974,112,148,0.9670252203941345,-1,-1,-1,1
3,-1,3508,1142,82,236,0.961093544960022,-1,-1,-1,0
3,-1,3184,1890,126,148,0.9582242965698242,-1,-1,-1,1
3,-1,2780,1972,138,184,0.957580029964447,-1,-1,-1,1
3,-1,1308,1944,120,138,0.9561524987220764,-1,-1,-1,1
3,-1,1740,1950,140,174,0.9478271007537842,-1,-1,-1,1
3,-1,3646,1156,76,188,0.9449628591537476,-1,-1,-1,1
3,-1,312,1856,96,152,0.942533016204834,-1,-1,-1,1
3,-1,1708,1778,106,126,0.9387193322181702,-1,-1,-1,1
3,-1,2920,1960,198,194,0.9356314539909363,-1,-1,-1,1
3,-1,3030,1930,142,120,0.9326542019844055,-1,-1,-1,1
3,-1,3052,1066,70,192,0.9323999285697937,-1,-1,-1,2
3,-1,502,1952,216,202,0.9212689399719238,-1,-1,-1,1
3,-1,404,1870,108,146,0.9148566722869873,-1,-1,-1,1
3,-1,2550,1100,86,248,0.9009859561920166,-1,-1,-1,1
3,-1,902,1998,90,88,0.8939332365989685,-1,-1,-1,1
3,-1,1144,2012,80,90,0.8890461921691895,-1,-1,-1,1
3,-1,976,1984,84,108,0.8787357807159424,-1,-1,-1,1
3,-1,212,1880,118,246,0.8664035797119141,-1,-1,-1,1
3,-1,1034,1994,102,102,0.8616185784339905,-1,-1,-1,1
3,-1,1572,2058,116,76,0.841516375541687,-1,-1,-1,1
3,-1,160,1266,84,158,0.8386774063110352,-1,-1,-1,1
3,-1,96,1324,78,116,0.7769960165023804,-1,-1,-1,1
3,-1,258,1160,102,206,0.756670355796814,-1,-1,-1,1
4,-1,1976,1302,86,238,0.9969893097877502,-1,-1,-1,0
4,-1,2184,1978,142,150,0.9965100884437561,-1,-1,-1,1
4,-1,2090,1988,108,138,0.9946809411048889,-1,-1,-1,1
4,-1,1972,1970,118,156,0.9946660995483398,-1,-1,-1,1
4,-1,2412,982,84,148,0.992155134677887,-1,-1,-1,0
4,-1,2730,1092,100,220,0.991634726524353,-1,-1,-1,1
4,-1,2640,1428,108,302,0.9906417727470398,-1,-1,-1,2
4,-1,3086,1348,116,298,0.9904640913009644,-1,-1,-1,2
4,-1,2818,1282,84,226,0.9904550909996033,-1,-1,-1,1
4,-1,3206,1162,78,230,0.9809004664421082,-1,-1,-1,1
4,-1,670,1910,154,174,0.9805436730384827,-1,-1,-1,1
4,-1,2320,1974,112,148,0.9665676951408386,-1,-1,-1,1
4,-1,3508,1142,82,234,0.9616152048110962,-1,-1,-1,0
4,-1,3184,1890,126,148,0.9583631157875061,-1,-1,-1,1
4,-1,2780,1972,138,184,0.9577452540397644,-1,-1,-1,1
4,-1,1308,1944,120,138,0.9559606313705444,-1,-1,-1,1
4,-1,1740,1950,140,172,0.9477571249008179,-1,-1,-1,1
4,-1,3646,1156,76,188,0.9455709457397461,-1,-1,-1,1
4,-1,312,1856,96,152,0.9434491395950317,-1,-1,-1,1
4,-1,1708,1778,106,126,0.9387704730033875,-1,-1,-1,1
4,-1,2920,1960,198,194,0.9357795715332031,-1,-1,-1,1
4,-1,3030,1930,142,120,0.9323551058769226,-1,-1,-1,1
4,-1,3052,1066,70,192,0.9304711818695068,-1,-1,-1,2
4,-1,500,1952,218,202,0.9214735627174377,-1,-1,-1,1
4,-1,404,1870,108,146,0.9155808687210083,-1,-1,-1,1
4,-1,2550,1100,86,246,0.9022752046585083,-1,-1,-1,1
4,-1,902,1998,90,88,0.893573522567749,-1,-1,-1,1
4,-1,1144,2012,80,90,0.8888247609138489,-1,-1,-1,1
4,-1,978,1984,82,108,0.8784091472625732,-1,-1,-1,1
4,-1,212,1880,118,246,0.8655955195426941,-1,-1,-1,1
4,-1,1034,1994,102,102,0.8599491715431213,-1,-1,-1,1
4,-1,1572,2058,116,76,0.8406268954277039,-1,-1,-1,1
4,-1,160,1266,84,158,0.8396016359329224,-1,-1,-1,1
4,-1,96,1324,78,116,0.7779499888420105,-1,-1,-1,1
4,-1,258,1160,102,206,0.7579773664474487,-1,-1,-1,1
5,-1,1976,1302,88,240,0.9974901676177979,-1,-1,-1,0
5,-1,2184,1978,142,150,0.9967162609100342,-1,-1,-1,1
5,-1,2090,1988,108,138,0.9946236610412598,-1,-1,-1,1
5,-1,1974,1970,116,156,0.9945366382598877,-1,-1,-1,1
5,-1,2640,1424,114,270,0.993981659412384,-1,-1,-1,2
5,-1,2814,1276,84,232,0.9920098781585693,-1,-1,-1,1
5,-1,2730,1092,100,222,0.9919712543487549,-1,-1,-1,1
5,-1,3084,1352,116,280,0.9914863109588623,-1,-1,-1,2
5,-1,3204,1162,80,232,0.9870641231536865,-1,-1,-1,1
5,-1,2422,982,74,146,0.9834821224212646,-1,-1,-1,0
5,-1,672,1916,152,176,0.9808771014213562,-1,-1,-1,1
5,-1,3510,1144,80,236,0.9726970195770264,-1,-1,-1,0
5,-1,2320,1972,112,150,0.9694315791130066,-1,-1,-1,1
5,-1,3184,1890,126,146,0.9606974124908447,-1,-1,-1,1
5,-1,1308,1944,120,138,0.9554585814476013,-1,-1,-1,1
5,-1,312,1858,96,148,0.9510208964347839,-1,-1,-1,1
5,-1,3644,1158,78,186,0.9490925073623657,-1,-1,-1,1
5,-1,3044,1062,76,200,0.9471043348312378,-1,-1,-1,2
5,-1,2784,1974,134,184,0.946557879447937,-1,-1,-1,1
5,-1,1740,1952,140,172,0.9452282786369324,-1,-1,-1,1
5,-1,1708,1778,106,126,0.9414166808128357,-1,-1,-1,1
5,-1,3030,1930,142,118,0.9370619058609009,-1,-1,-1,1
5,-1,2926,1962,190,192,0.9349344968795776,-1,-1,-1,1
5,-1,404,1870,108,148,0.9221690893173218,-1,-1,-1,1
5,-1,498,1952,218,202,0.918778657913208,-1,-1,-1,1
5,-1,906,1998,88,88,0.9020005464553833,-1,-1,-1,1
5,-1,1142,2012,82,90,0.891887366771698,-1,-1,-1,1
5,-1,992,1976,72,116,0.8858544826507568,-1,-1,-1,1
5,-1,1032,1994,104,104,0.8751376867294312,-1,-1,-1,1
5,-1,212,1878,120,248,0.8744705319404602,-1,-1,-1,1
5,-1,1568,2064,126,80,0.8579356074333191,-1,-1,-1,1
5,-1,2552,1100,82,246,0.8449559807777405,-1,-1,-1,1
5,-1,160,1266,84,158,0.8372805118560791,-1,-1,-1,1
5,-1,96,1324,76,116,0.7775248885154724,-1,-1,-1,1
5,-1,256,1160,104,206,0.7719098329544067,-1,-1,-1,1
5,-1,2944,1944,98,128,0.7630352973937988,-1,-1,-1,1
6,-1,1978,1302,86,238,0.9972614049911499,-1,-1,-1,0
6,-1,2184,1978,144,150,0.996712327003479,-1,-1,-1,1
6,-1,2092,1988,106,138,0.9946132302284241,-1,-1,-1,1
6,-1,1974,1970,116,156,0.9944334626197815,-1,-1,-1,1
6,-1,2642,1420,106,262,0.9926306009292603,-1,-1,-1,2
6,-1,2730,1090,100,224,0.9900348782539368,-1,-1,-1,1
6,-1,2814,1282,82,228,0.985724687576294,-1,-1,-1,1
6,-1,3204,1164,80,232,0.9846062660217285,-1,-1,-1,1
6,-1,3084,1344,114,302,0.9842748045921326,-1,-1,-1,2
6,-1,2430,978,66,148,0.9835137128829956,-1,-1,-1,0
6,-1,672,1916,152,180,0.9822584390640259,-1,-1,-1,1
6,-1,2318,1972,116,150,0.9761511087417603,-1,-1,-1,1
6,-1,2766,1986,148,168,0.9636147022247314,-1,-1,-1,1
6,-1,3184,1890,126,146,0.9598388671875,-1,-1,-1,1
6,-1,3516,1144,78,238,0.9526463150978088,-1,-1,-1,0
6,-1,1310,1944,118,136,0.950523853302002,-1,-1,-1,1
6,-1,1708,1776,106,130,0.9457599520683289,-1,-1,-1,1
6,-1,312,1858,98,150,0.9399017691612244,-1,-1,-1,1
6,-1,3030,1930,142,118,0.9391957521438599,-1,-1,-1,1
6,-1,3646,1156,76,190,0.9389454126358032,-1,-1,-1,1
6,-1,2926,1962,184,192,0.9361788630485535,-1,-1,-1,1
6,-1,3036,1060,84,210,0.9359476566314697,-1,-1,-1,2
6,-1,1740,1952,140,172,0.9311708211898804,-1,-1,-1,1
6,-1,496,1952,216,200,0.9222643971443176,-1,-1,-1,1
6,-1,406,1870,104,148,0.9157899022102356,-1,-1,-1,1
6,-1,908,1998,86,86,0.8957909345626831,-1,-1,-1,1
6,-1,992,1976,72,116,0.8867620825767517,-1,-1,-1,1
6,-1,1142,2012,82,90,0.8825928568840027,-1,-1,-1,1
6,-1,1032,1994,102,102,0.8724890351295471,-1,-1,-1,1
6,-1,1568,2064,126,80,0.8516585826873779,-1,-1,-1,1
6,-1,202,1878,124,248,0.8371351957321167,-1,-1,-1,1
6,-1,160,1266,84,158,0.835803210735321,-1,-1,-1,1
6,-1,234,1740,104,156,0.7874684929847717,-1,-1,-1,1
6,-1,96,1324,76,116,0.7760710120201111,-1,-1,-1,1
6,-1,2946,1944,96,128,0.7728452086448669,-1,-1,-1,1
6,-1,256,1160,104,206,0.7650095820426941,-1,-1,-1,1
7,-1,1978,1302,88,240,0.9973148703575134,-1,-1,-1,0
7,-1,2184,1978,144,150,0.9967232346534729,-1,-1,-1,1
7,-1,2642,1418,106,268,0.9960888624191284,-1,-1,-1,2
7,-1,2092,1988,106,138,0.9946812987327576,-1,-1,-1,1
7,-1,1974,1970,116,156,0.9946566820144653,-1,-1,-1,1
7,-1,2724,1088,104,226,0.9906737208366394,-1,-1,-1,1
7,-1,2810,1282,78,224,0.9838373064994812,-1,-1,-1,1
7,-1,672,1914,152,176,0.9825544953346252,-1,-1,-1,1
7,-1,3076,1344,116,308,0.978253185749054,-1,-1,-1,2
7,-1,2316,1972,120,150,0.977205216884613,-1,-1,-1,1
7,-1,3210,1162,74,234,0.9752310514450073,-1,-1,-1,1
7,-1,3180,1888,130,154,0.9646040797233582,-1,-1,-1,1
7,-1,1312,1944,116,136,0.9510331749916077,-1,-1,-1,1
7,-1,2770,1980,146,174,0.9507362246513367,-1,-1,-1,1
7,-1,2436,976,60,150,0.9502673745155334,-1,-1,-1,0
7,-1,2932,1960,180,194,0.9497293829917908,-1,-1,-1,1
7,-1,1708,1776,106,130,0.9496839642524719,-1,-1,-1,1
7,-1,1740,1952,140,172,0.9424419403076172,-1,-1,-1,1
7,-1,3030,1930,142,118,0.9407368898391724,-1,-1,-1,1
7,-1,3646,1156,76,190,0.9380308389663696,-1,-1,-1,1
7,-1,314,1862,94,146,0.9204550981521606,-1,-1,-1,1
7,-1,498,1952,216,200,0.9178361892700195,-1,-1,-1,1
7,-1,3520,1144,76,220,0.9178104996681213,-1,-1,-1,0
7,-1,912,1998,84,86,0.9006392359733582,-1,-1,-1,1
7,-1,406,1868,104,152,0.8982459902763367,-1,-1,-1,1
7,-1,992,1976,72,116,0.8883299231529236,-1,-1,-1,1
7,-1,1030,1994,102,102,0.8775431513786316,-1,-1,-1,1
7,-1,1142,2014,84,88,0.8698537945747375,-1,-1,-1,1
7,-1,162,1266,82,158,0.839333176612854,-1,-1,-1,1
7,-1,1568,2056,120,78,0.8361771702766418,-1,-1,-1,1
7,-1,200,1882,126,244,0.8302763104438782,-1,-1,-1,1
7,-1,3038,1058,80,208,0.8029852509498596,-1,-1,-1,1
7,-1,2602,1186,66,246,0.7990301251411438,-1,-1,-1,1
7,-1,96,1324,78,116,0.7838025093078613,-1,-1,-1,1
7,-1,2944,1944,98,130,0.7755274176597595,-1,-1,-1,1
7,-1,256,1160,102,208,0.7527470588684082,-1,-1,-1,1
8,-1,2184,1978,144,150,0.9969520568847656,-1,-1,-1,1
8,-1,1978,1300,88,242,0.9966409206390381,-1,-1,-1,0
8,-1,2640,1418,112,288,0.9956894516944885,-1,-1,-1,2
8,-1,2092,1988,106,138,0.9947509169578552,-1,-1,-1,1
8,-1,1970,1974,122,150,0.9945119619369507,-1,-1,-1,1
8,-1,2726,1086,102,228,0.988754391670227,-1,-1,-1,1
8,-1,672,1914,152,176,0.9825751781463623,-1,-1,-1,1
8,-1,2804,1282,80,228,0.9813615679740906,-1,-1,-1,1
8,-1,2316,1972,124,152,0.9797112345695496,-1,-1,-1,1
8,-1,3068,1348,114,296,0.979221761226654,-1,-1,-1,2
8,-1,3210,1160,74,226,0.9711630344390869,-1,-1,-1,1
8,-1,2770,1982,144,172,0.9623990654945374,-1,-1,-1,1
8,-1,3180,1888,130,152,0.9612610340118408,-1,-1,-1,1
8,-1,1310,1944,118,136,0.9587498903274536,-1,-1,-1,1
8,-1,1708,1778,106,128,0.9490492939949036,-1,-1,-1,1
8,-1,3030,1930,140,116,0.947028636932373,-1,-1,-1,1
8,-1,2930,1960,188,194,0.9451756477355957,-1,-1,-1,1
8,-1,310,1860,100,150,0.9342140555381775,-1,-1,-1,1
8,-1,2446,972,52,154,0.9320045113563538,-1,-1,-1,0
8,-1,1744,1956,146,168,0.9259888529777527,-1,-1,-1,1
8,-1,3646,1156,76,190,0.9245739579200745,-1,-1,-1,1
8,-1,500,1954,212,198,0.9139636754989624,-1,-1,-1,1
8,-1,910,1998,86,86,0.9052172899246216,-1,-1,-1,1
8,-1,408,1868,102,154,0.9038321375846863,-1,-1,-1,1
8,-1,3036,1060,78,204,0.9025478959083557,-1,-1,-1,2
8,-1,992,1978,72,114,0.8911184668540955,-1,-1,-1,1
8,-1,3526,1138,66,236,0.8882366418838501,-1,-1,-1,0
8,-1,1030,1994,104,104,0.874853253364563,-1,-1,-1,1
8,-1,1142,2014,84,88,0.87467360496521,-1,-1,-1,1
8,-1,1568,2056,120,78,0.8421630263328552,-1,-1,-1,1
8,-1,166,1254,80,170,0.8345909714698792,-1,-1,-1,1
8,-1,216,1872,108,248,0.8227173686027527,-1,-1,-1,1
8,-1,96,1324,78,116,0.7832977771759033,-1,-1,-1,1
8,-1,2944,1942,94,132,0.7794815301895142,-1,-1,-1,1
8,-1,2602,1184,64,252,0.7610500454902649,-1,-1,-1,1
9,-1,2184,1978,144,150,0.9970086216926575,-1,-1,-1,1
9,-1,1980,1298,86,244,0.9967935681343079,-1,-1,-1,0
9,-1,2644,1412,104,274,0.9960145950317383,-1,-1,-1,2
9,-1,2090,1988,108,138,0.9948674440383911,-1,-1,-1,1
9,-1,1970,1974,122,150,0.9945030212402344,-1,-1,-1,1
9,-1,2730,1090,98,226,0.9913079142570496,-1,-1,-1,1
9,-1,2800,1284,82,218,0.9894586801528931,-1,-1,-1,1
9,-1,3062,1356,110,278,0.9882431626319885,-1,-1,-1,2
9,-1,672,1914,152,178,0.9831610321998596,-1,-1,-1,1
9,-1,2316,1972,126,152,0.9810112118721008,-1,-1,-1,1
9,-1,3212,1162,74,216,0.9739105105400085,-1,-1,-1,1
9,-1,2772,1978,144,176,0.9678712487220764,-1,-1,-1,1
9,-1,316,1858,94,152,0.9621873497962952,-1,-1,-1,1
9,-1,3522,1150,72,234,0.9608044624328613,-1,-1,-1,0
9,-1,3180,1888,130,152,0.960258424282074,-1,-1,-1,1
9,-1,1310,1944,118,136,0.9596582651138306,-1,-1,-1,1
9,-1,1708,1778,106,128,0.9521827101707458,-1,-1,-1,1
9,-1,2930,1960,186,194,0.9503945708274841,-1,-1,-1,1
9,-1,3030,1928,140,120,0.9503710865974426,-1,-1,-1,1
9,-1,2452,972,50,154,0.9461473822593689,-1,-1,-1,0
9,-1,3646,1156,76,188,0.9450269341468811,-1,-1,-1,1
9,-1,506,1956,208,198,0.919363796710968,-1,-1,-1,1
9,-1,1742,1956,148,168,0.9186620116233826,-1,-1,-1,1
9,-1,412,1866,100,156,0.9036744832992554,-1,-1,-1,1
9,-1,914,2000,86,84,0.9003744721412659,-1,-1,-1,1
9,-1,992,1976,72,116,0.8875606060028076,-1,-1,-1,1
9,-1,1030,1992,102,104,0.8797747492790222,-1,-1,-1,1
9,-1,1144,2014,82,88,0.8786487579345703,-1,-1,-1,1
9,-1,1566,2062,126,82,0.8520371913909912,-1,-1,-1,1
9,-1,166,1254,80,170,0.8303150534629822,-1,-1,-1,1
9,-1,202,1868,122,260,0.8221742510795593,-1,-1,-1,1
9,-1,2942,1942,96,132,0.7786432504653931,-1,-1,-1,1
9,-1,96,1324,78,116,0.7766823768615723,-1,-1,-1,1
9,-1,2558,1118,104,286,0.7581827044487,-1,-1,-1,1
10,-1,2184,1978,144,150,0.9970205426216125,-1,-1,-1,1
10,-1,1980,1298,86,244,0.9967979788780212,-1,-1,-1,0
10,-1,2644,1412,104,274,0.9959030747413635,-1,-1,-1,2
10,-1,2090,1988,108,138,0.9948609471321106,-1,-1,-1,1
10,-1,1970,1974,122,150,0.9945045113563538,-1,-1,-1,1
10,-1,2730,1090,98,226,0.991280734539032,-1,-1,-1,1
10,-1,2800,1284,82,218,0.9895099401473999,-1,-1,-1,1
10,-1,3060,1356,112,278,0.9884443879127502,-1,-1,-1,2
10,-1,672,1914,152,178,0.983285129070282,-1,-1,-1,1
10,-1,2316,1972,126,152,0.9810888767242432,-1,-1,-1,1
10,-1,3212,1162,74,216,0.9742066264152527,-1,-1,-1,1
10,-1,2772,1978,144,176,0.9683786630630493,-1,-1,-1,1
10,-1,3522,1150,72,234,0.9618136882781982,-1,-1,-1,0
10,-1,316,1858,94,152,0.9617934823036194,-1,-1,-1,1
10,-1,3180,1888,130,152,0.9606977105140686,-1,-1,-1,1
10,-1,1310,1944,118,136,0.9596694707870483,-1,-1,-1,1
10,-1,1708,1778,106,128,0.952079176902771,-1,-1,-1,1
10,-1,2930,1960,186,194,0.950844943523407,-1,-1,-1,1
10,-1,3030,1928,142,120,0.9496074318885803,-1,-1,-1,1
10,-1,2450,972,52,154,0.9477150440216064,-1,-1,-1,0
10,-1,3646,1156,76,188,0.9450274705886841,-1,-1,-1,1
10,-1,1742,1956,148,168,0.9201589822769165,-1,-1,-1,1
10,-1,506,1956,208,198,0.9195328950881958,-1,-1,-1,1
10,-1,412,1866,100,156,0.9032139778137207,-1,-1,-1,1
10,-1,914,2000,86,84,0.900446891784668,-1,-1,-1,1
10,-1,992,1978,72,114,0.8857726454734802,-1,-1,-1,1
10,-1,1030,1992,102,104,0.8803160190582275,-1,-1,-1,1
10,-1,1144,2014,82,88,0.8786508440971375,-1,-1,-1,1
10,-1,1566,2062,126,82,0.8512346744537354,-1,-1,-1,1
10,-1,166,1254,80,170,0.8300626277923584,-1,-1,-1,1
10,-1,202,1868,124,260,0.8241134285926819,-1,-1,-1,1
10,-1,96,1324,78,116,0.7760503888130188,-1,-1,-1,1
10,-1,2942,1942,96,132,0.7753888368606567,-1,-1,-1,1
10,-1,2558,1118,104,284,0.7593929171562195,-1,-1,-1,1
11,-1,2184,1978,144,150,0.9971420168876648,-1,-1,-1,1
11,-1,1980,1296,86,246,0.9969354867935181,-1,-1,-1,0
11,-1,2090,1988,108,138,0.9947691559791565,-1,-1,-1,1
11,-1,1970,1974,122,150,0.9944416880607605,-1,-1,-1,1
11,-1,2800,1278,80,232,0.9937868118286133,-1,-1,-1,1
11,-1,2732,1094,96,232,0.9889646768569946,-1,-1,-1,1
11,-1,3062,1358,108,282,0.9880889058113098,-1,-1,-1,2
11,-1,2646,1414,108,270,0.9879029393196106,-1,-1,-1,2
11,-1,674,1914,154,178,0.9853724837303162,-1,-1,-1,1
11,-1,2316,1972,124,152,0.9819782376289368,-1,-1,-1,1
11,-1,3522,1156,74,228,0.9703435301780701,-1,-1,-1,0
11,-1,2772,1982,142,172,0.9700013995170593,-1,-1,-1,1
11,-1,1310,1942,118,140,0.9686545133590698,-1,-1,-1,1
11,-1,3208,1162,78,218,0.9635890126228333,-1,-1,-1,1
11,-1,3184,1886,126,150,0.9597651958465576,-1,-1,-1,1
11,-1,2928,1962,192,192,0.9591241478919983,-1,-1,-1,1
11,-1,1708,1778,106,128,0.9503661394119263,-1,-1,-1,1
11,-1,3646,1156,76,188,0.9456539750099182,-1,-1,-1,1
11,-1,316,1860,92,146,0.9414570331573486,-1,-1,-1,1
11,-1,3032,1928,140,118,0.9411944150924683,-1,-1,-1,1
11,-1,3030,1058,72,216,0.9231998920440674,-1,-1,-1,2
11,-1,508,1958,206,194,0.916790246963501,-1,-1,-1,1
11,-1,2456,970,52,158,0.8969134092330933,-1,-1,-1,0
11,-1,428,1864,90,156,0.8953075408935547,-1,-1,-1,1
11,-1,916,2000,84,84,0.8882136940956116,-1,-1,-1,1
11,-1,1736,1958,142,162,0.8823763132095337,-1,-1,-1,1
11,-1,992,1976,72,116,0.8816221952438354,-1,-1,-1,1
11,-1,1142,2014,84,88,0.8741353154182434,-1,-1,-1,1
11,-1,1030,1992,102,104,0.8683738112449646,-1,-1,-1,1
11,-1,1566,2062,126,80,0.856187105178833,-1,-1,-1,1
11,-1,166,1254,80,170,0.8375176787376404,-1,-1,-1,1
11,-1,214,1874,116,252,0.8361755013465881,-1,-1,-1,1
11,-1,2560,1120,106,276,0.8216006755828857,-1,-1,-1,1
11,-1,96,1324,78,116,0.7842285633087158,-1,-1,-1,1
12,-1,2184,1978,144,150,0.9971901774406433,-1,-1,-1,1
12,-1,1982,1292,86,250,0.9969270825386047,-1,-1,-1,0
12,-1,2090,1988,108,138,0.9947405457496643,-1,-1,-1,1
12,-1,1974,1970,116,156,0.994377076625824,-1,-1,-1,1
12,-1,2724,1092,104,228,0.9884230494499207,-1,-1,-1,1
12,-1,2800,1274,80,228,0.9877482652664185,-1,-1,-1,1
12,-1,674,1914,156,178,0.9868478178977966,-1,-1,-1,1
12,-1,2316,1972,126,152,0.9841054081916809,-1,-1,-1,1
12,-1,3068,1358,96,276,0.9828295111656189,-1,-1,-1,2
12,-1,2646,1416,112,258,0.9756154417991638,-1,-1,-1,2
12,-1,1310,1942,118,140,0.9708867073059082,-1,-1,-1,1
12,-1,3522,1158,74,224,0.9707292318344116,-1,-1,-1,0
12,-1,2780,1988,128,168,0.9643460512161255,-1,-1,-1,1
12,-1,3180,1888,130,154,0.9627922773361206,-1,-1,-1,1
12,-1,2932,1962,184,192,0.9616972208023071,-1,-1,-1,1
12,-1,1710,1778,104,128,0.948698878288269,-1,-1,-1,1
12,-1,3646,1156,76,186,0.9458030462265015,-1,-1,-1,1
12,-1,316,1858,94,148,0.9381589293479919,-1,-1,-1,1
12,-1,3032,1928,140,118,0.9380974173545837,-1,-1,-1,1
12,-1,3214,1162,68,218,0.9291843175888062,-1,-1,-1,1
12,-1,2464,978,48,156,0.9180049300193787,-1,-1,-1,0
12,-1,508,1956,204,196,0.9153701066970825,-1,-1,-1,1
12,-1,918,1998,80,82,0.912308394908905,-1,-1,-1,1
12,-1,3032,1060,68,206,0.9077603816986084,-1,-1,-1,1
12,-1,422,1866,96,158,0.8974539637565613,-1,-1,-1,1
12,-1,994,1976,70,116,0.8812410831451416,-1,-1,-1,1
12,-1,1142,2012,84,90,0.8761814832687378,-1,-1,-1,1
12,-1,1736,1958,142,162,0.8747519850730896,-1,-1,-1,1
12,-1,1030,1994,102,102,0.8740430474281311,-1,-1,-1,1
12,-1,1564,2062,128,80,0.8573909997940063,-1,-1,-1,1
12,-1,216,1868,116,258,0.8474207520484924,-1,-1,-1,1
12,-1,160,1266,84,158,0.8317548036575317,-1,-1,-1,1
12,-1,2586,1116,82,274,0.8179685473442078,-1,-1,-1,1
12,-1,2692,1954,124,144,0.8122133612632751,-1,-1,-1,1
12,-1,96,1324,78,116,0.7795261740684509,-1,-1,-1,1
12,-1,2942,1942,96,134,0.771592915058136,-1,-1,-1,1
13,-1,2184,1978,144,150,0.9972453117370605,-1,-1,-1,1
13,-1,1984,1294,84,244,0.9969632029533386,-1,-1,-1,0
13,-1,2648,1406,108,260,0.9953677654266357,-1,-1,-1,2
13,-1,2090,1988,108,138,0.9947746992111206,-1,-1,-1,1
13,-1,1970,1974,122,150,0.9944215416908264,-1,-1,-1,1
13,-1,3070,1354,96,282,0.9890748858451843,-1,-1,-1,2
13,-1,674,1914,156,182,0.9874008297920227,-1,-1,-1,1
13,-1,2730,1092,98,232,0.987136960029602,-1,-1,-1,1
13,-1,2316,1970,128,154,0.9854915738105774,-1,-1,-1,1
13,-1,2798,1292,76,198,0.9837303161621094,-1,-1,-1,1
13,-1,1310,1942,118,142,0.9717692732810974,-1,-1,-1,1
13,-1,2778,1990,126,166,0.9626246690750122,-1,-1,-1,1
13,-1,3212,1160,72,232,0.9559112787246704,-1,-1,-1,1
13,-1,2932,1962,184,192,0.9556637406349182,-1,-1,-1,1
13,-1,3184,1890,124,146,0.955371081829071,-1,-1,-1,1
13,-1,3026,1056,68,216,0.9540508985519409,-1,-1,-1,2
13,-1,1710,1780,104,126,0.9488884210586548,-1,-1,-1,1
13,-1,3524,1156,74,232,0.9474048018455505,-1,-1,-1,0
13,-1,3646,1156,76,186,0.9422703385353088,-1,-1,-1,1
13,-1,316,1858,94,148,0.9407206177711487,-1,-1,-1,1
13,-1,3032,1928,140,118,0.9239564538002014,-1,-1,-1,1
13,-1,918,1998,80,82,0.9169328808784485,-1,-1,-1,1
13,-1,508,1956,204,196,0.9162049889564514,-1,-1,-1,1
13,-1,2464,968,54,166,0.9025073051452637,-1,-1,-1,0
13,-1,2574,1124,94,312,0.8881030082702637,-1,-1,-1,1
13,-1,994,1976,70,116,0.8775407671928406,-1,-1,-1,1
13,-1,1142,2012,82,90,0.8701813220977783,-1,-1,-1,1
13,-1,1030,1994,100,102,0.8701682090759277,-1,-1,-1,1
13,-1,1736,1958,142,162,0.8689355254173279,-1,-1,-1,1
13,-1,424,1868,92,158,0.8605389595031738,-1,-1,-1,1
13,-1,1564,2064,128,78,0.851043164730072,-1,-1,-1,1
13,-1,166,1254,80,170,0.8303244113922119,-1,-1,-1,1
13,-1,206,1870,118,254,0.7816911935806274,-1,-1,-1,1
13,-1,92,1326,78,118,0.780398428440094,-1,-1,-1,1
13,-1,2942,1942,96,134,0.7662424445152283,-1,-1,-1,1
13,-1,2692,1950,122,144,0.7512187361717224,-1,-1,-1,1
14,-1,2184,1978,144,150,0.997288703918457,-1,-1,-1,1
14,-1,1984,1296,84,242,0.9968141913414001,-1,-1,-1,0
14,-1,2646,1406,112,252,0.9955025315284729,-1,-1,-1,2
14,-1,2090,1988,108,138,0.9947754144668579,-1,-1,-1,1
14,-1,1972,1970,118,156,0.9944819211959839,-1,-1,-1,1
14,-1,3066,1354,98,276,0.99007248878479,-1,-1,-1,2
14,-1,674,1914,156,186,0.9872544407844543,-1,-1,-1,1
14,-1,2316,1970,130,154,0.9848105907440186,-1,-1,-1,1
14,-1,2738,1092,88,224,0.9836226105690002,-1,-1,-1,1
14,-1,3206,1160,86,236,0.9814111590385437,-1,-1,-1,1
14,-1,2796,1280,76,204,0.9782231450080872,-1,-1,-1,1
14,-1,1310,1942,118,140,0.9705150723457336,-1,-1,-1,1
14,-1,3178,1888,132,158,0.9596529006958008,-1,-1,-1,1
14,-1,3022,1064,68,208,0.9542843699455261,-1,-1,-1,2
14,-1,2770,1994,140,150,0.9536818861961365,-1,-1,-1,1
14,-1,2932,1962,186,194,0.9513620138168335,-1,-1,-1,1
14,-1,1712,1780,102,126,0.9479271173477173,-1,-1,-1,1
14,-1,3648,1156,74,186,0.9422134160995483,-1,-1,-1,1
14,-1,3526,1154,72,234,0.930444061756134,-1,-1,-1,0
14,-1,316,1860,94,148,0.9295687675476074,-1,-1,-1,1
14,-1,3032,1928,138,118,0.9235230088233948,-1,-1,-1,1
14,-1,508,1958,204,196,0.9113814234733582,-1,-1,-1,1
14,-1,916,1998,88,84,0.9030218720436096,-1,-1,-1,1
14,-1,2468,974,56,156,0.8947239518165588,-1,-1,-1,0
14,-1,2578,1132,94,302,0.8795340657234192,-1,-1,-1,1
14,-1,994,1976,70,116,0.8717467784881592,-1,-1,-1,1
14,-1,1030,1994,100,102,0.870360791683197,-1,-1,-1,1
14,-1,1142,2012,82,90,0.8661002516746521,-1,-1,-1,1
14,-1,428,1864,92,152,0.8454065322875977,-1,-1,-1,1
14,-1,1736,1960,142,160,0.8367273211479187,-1,-1,-1,1
14,-1,166,1254,80,170,0.832705020904541,-1,-1,-1,1
14,-1,1564,2064,128,78,0.8024558424949646,-1,-1,-1,1
14,-1,216,1866,112,260,0.7869962453842163,-1,-1,-1,1
14,-1,2944,1944,98,132,0.7799507975578308,-1,-1,-1,1
14,-1,92,1326,78,118,0.7781141996383667,-1,-1,-1,1
15,-1,1984,1294,86,244,0.9973070621490479,-1,-1,-1,0
15,-1,2184,1978,144,150,0.9973026514053345,-1,-1,-1,1
15,-1,2090,1988,108,138,0.9948133230209351,-1,-1,-1,1
15,-1,2646,1406,114,252,0.994712769985199,-1,-1,-1,2
15,-1,1972,1970,118,154,0.9943893551826477,-1,-1,-1,1
15,-1,3064,1354,98,278,0.9895416498184204,-1,-1,-1,2
15,-1,674,1914,156,188,0.9877326488494873,-1,-1,-1,1
15,-1,2792,1262,82,222,0.9870775938034058,-1,-1,-1,1
15,-1,2318,1968,128,156,0.9861882328987122,-1,-1,-1,1
15,-1,2738,1090,88,236,0.9829808473587036,-1,-1,-1,1
15,-1,3016,1064,70,206,0.9754759073257446,-1,-1,-1,2
15,-1,1310,1942,118,140,0.9726238250732422,-1,-1,-1,1
15,-1,3208,1160,78,228,0.9554305076599121,-1,-1,-1,1
15,-1,3526,1140,80,264,0.9519705176353455,-1,-1,-1,0
15,-1,3646,1156,76,186,0.9496792554855347,-1,-1,-1,1
15,-1,2770,1996,138,156,0.9489896297454834,-1,-1,-1,1
15,-1,3184,1890,124,146,0.9476421475410461,-1,-1,-1,1
15,-1,1714,1782,100,124,0.9456737041473389,-1,-1,-1,1
15,-1,2468,976,66,156,0.9448693990707397,-1,-1,-1,0
15,-1,2932,1962,186,192,0.9422962069511414,-1,-1,-1,1
15,-1,2582,1116,94,328,0.926731526851654,-1,-1,-1,1
15,-1,3032,1928,140,118,0.920963704586029,-1,-1,-1,1
15,-1,316,1860,94,144,0.9100408554077148,-1,-1,-1,1
15,-1,916,1998,88,84,0.902861475944519,-1,-1,-1,1
15,-1,508,1960,206,192,0.8995097279548645,-1,-1,-1,1
15,-1,1030,1992,100,104,0.8747504949569702,-1,-1,-1,1
15,-1,1142,2012,82,90,0.8685505390167236,-1,-1,-1,1
15,-1,982,1982,78,108,0.8683805465698242,-1,-1,-1,1
15,-1,166,1254,80,170,0.8317298889160156,-1,-1,-1,1
15,-1,1736,1958,142,162,0.8300880789756775,-1,-1,-1,1
15,-1,424,1868,96,148,0.8235982060432434,-1,-1,-1,1
15,-1,1564,2064,128,76,0.8170148134231567,-1,-1,-1,1
15,-1,92,1326,78,118,0.7779930830001831,-1,-1,-1,1
15,-1,2944,1944,98,132,0.7693681716918945,-1,-1,-1,1
16,-1,1984,1294,84,244,0.9972913861274719,-1,-1,-1,0
16,-1,2184,1978,144,150,0.9972591400146484,-1,-1,-1,1
16,-1,2090,1988,108,138,0.9948034882545471,-1,-1,-1,1
16,-1,2646,1406,114,252,0.9947850108146667,-1,-1,-1,2
16,-1,1972,1970,118,154,0.9944149255752563,-1,-1,-1,1
16,-1,3064,1354,98,278,0.9893530607223511,-1,-1,-1,2
16,-1,674,1914,156,188,0.9878100156784058,-1,-1,-1,1
16,-1,2792,1262,80,222,0.986997127532959,-1,-1,-1,1
16,-1,2318,1968,128,156,0.9862295389175415,-1,-1,-1,1
16,-1,2738,1090,88,238,0.9823623299598694,-1,-1,-1,1
16,-1,3016,1062,70,208,0.9750937819480896,-1,-1,-1,2
16,-1,1310,1944,118,136,0.9627927541732788,-1,-1,-1,1
16,-1,3208,1160,78,228,0.956058919429779,-1,-1,-1,1
16,-1,3526,1140,80,264,0.9519566893577576,-1,-1,-1,0
16,-1,2770,1996,138,156,0.9504243731498718,-1,-1,-1,1
16,-1,3646,1156,76,186,0.9501460790634155,-1,-1,-1,1
16,-1,3184,1890,124,146,0.9481748342514038,-1,-1,-1,1
16,-1,2468,976,66,156,0.9466192126274109,-1,-1,-1,0
16,-1,1714,1782,100,124,0.9460834860801697,-1,-1,-1,1
16,-1,2932,1964,186,190,0.9439338445663452,-1,-1,-1,1
16,-1,2582,1116,94,328,0.9267137050628662,-1,-1,-1,1
16,-1,3032,1928,140,118,0.9210910201072693,-1,-1,-1,1
16,-1,918,1998,82,82,0.916150689125061,-1,-1,-1,1
16,-1,316,1860,94,144,0.9099116325378418,-1,-1,-1,1
16,-1,508,1958,206,196,0.9016956686973572,-1,-1,-1,1
16,-1,1030,1992,100,104,0.874970018863678,-1,-1,-1,1
16,-1,982,1982,78,108,0.8700937628746033,-1,-1,-1,1
16,-1,1142,2012,82,90,0.8679165840148926,-1,-1,-1,1
16,-1,1736,1958,142,162,0.8350514769554138,-1,-1,-1,1
16,-1,166,1254,80,170,0.8323603868484497,-1,-1,-1,1
16,-1,424,1868,96,148,0.8258466124534607,-1,-1,-1,1
16,-1,1564,2064,128,76,0.8184944987297058,-1,-1,-1,1
16,-1,92,1326,78,118,0.7777036428451538,-1,-1,-1,1
16,-1,2944,1944,98,132,0.7699397802352905,-1,-1,-1,1
17,-1,1986,1284,84,252,0.9977505803108215,-1,-1,-1,0
17,-1,2184,1978,144,150,0.9971418976783752,-1,-1,-1,1
17,-1,2090,1988,108,138,0.994491696357727,-1,-1,-1,1
17,-1,2648,1402,116,256,0.9944538474082947,-1,-1,-1,2
17,-1,1972,1970,118,154,0.994074285030365,-1,-1,-1,1
17,-1,2788,1256,84,228,0.9931368827819824,-1,-1,-1,1
17,-1,3012,1060,70,214,0.9879294633865356,-1,-1,-1,2
17,-1,674,1914,156,188,0.9878397583961487,-1,-1,-1,1
17,-1,2318,1968,128,156,0.9870870113372803,-1,-1,-1,1
17,-1,3062,1352,98,294,0.9842090010643005,-1,-1,-1,2
17,-1,2740,1092,86,246,0.9825268387794495,-1,-1,-1,1
17,-1,3204,1160,82,234,0.9799814820289612,-1,-1,-1,1
17,-1,2464,844,98,290,0.9632142782211304,-1,-1,-1,1
17,-1,1310,1944,116,136,0.9600253105163574,-1,-1,-1,1
17,-1,2770,1996,140,146,0.9574822187423706,-1,-1,-1,1
17,-1,3528,1148,78,260,0.9517700672149658,-1,-1,-1,0
17,-1,3646,1156,76,186,0.9498130083084106,-1,-1,-1,1
17,-1,3184,1892,124,144,0.9481872916221619,-1,-1,-1,1
17,-1,2932,1962,184,192,0.9452193379402161,-1,-1,-1,1
17,-1,1714,1782,100,124,0.9443452954292297,-1,-1,-1,1
17,-1,2588,1118,92,310,0.9438414573669434,-1,-1,-1,1
17,-1,3032,1928,140,118,0.9200263619422913,-1,-1,-1,1
17,-1,310,1860,98,144,0.9160817265510559,-1,-1,-1,1
17,-1,510,1960,204,194,0.9098703861236572,-1,-1,-1,1
17,-1,916,1998,88,84,0.9002850651741028,-1,-1,-1,1
17,-1,1028,1992,100,104,0.8737846612930298,-1,-1,-1,1
17,-1,994,1976,72,116,0.8666540384292603,-1,-1,-1,1
17,-1,1142,2012,82,90,0.8639096617698669,-1,-1,-1,1
17,-1,160,1264,84,160,0.8374778032302856,-1,-1,-1,1
17,-1,1736,1960,142,160,0.8277516961097717,-1,-1,-1,1
17,-1,422,1868,98,144,0.8185364007949829,-1,-1,-1,1
17,-1,1566,2056,122,76,0.8138790130615234,-1,-1,-1,1
17,-1,92,1326,78,118,0.7798274755477905,-1,-1,-1,1
17,-1,2944,1944,100,134,0.7619715332984924,-1,-1,-1,1
17,-1,248,1146,114,230,0.7606245279312134,-1,-1,-1,1
18,-1,1986,1280,86,256,0.9980224370956421,-1,-1,-1,0
18,-1,2184,1978,144,150,0.9971279501914978,-1,-1,-1,1
18,-1,2654,1398,106,254,0.9959810972213745,-1,-1,-1,2
18,-1,2090,1988,108,138,0.9943706393241882,-1,-1,-1,1
18,-1,1970,1974,122,150,0.9940998554229736,-1,-1,-1,1
18,-1,2786,1258,82,224,0.9903534650802612,-1,-1,-1,1
18,-1,674,1914,158,188,0.9892673492431641,-1,-1,-1,1
18,-1,2314,1970,138,156,0.9865207672119141,-1,-1,-1,1
18,-1,3008,1060,68,208,0.9834554195404053,-1,-1,-1,2
18,-1,3058,1350,94,282,0.9791378974914551,-1,-1,-1,2
18,-1,2742,1090,84,254,0.976402997970581,-1,-1,-1,1
18,-1,3208,1160,76,234,0.9755579233169556,-1,-1,-1,1
18,-1,1310,1944,118,136,0.9635255932807922,-1,-1,-1,1
18,-1,2772,1994,136,152,0.9588569402694702,-1,-1,-1,1
18,-1,3528,1150,80,260,0.9546027779579163,-1,-1,-1,0
18,-1,2468,844,100,288,0.9504343867301941,-1,-1,-1,0
18,-1,3646,1156,76,188,0.9468310475349426,-1,-1,-1,1
18,-1,2932,1960,184,196,0.9463481307029724,-1,-1,-1,1
18,-1,1712,1780,102,126,0.9440985321998596,-1,-1,-1,1
18,-1,2586,1118,94,312,0.9399526119232178,-1,-1,-1,1
18,-1,3184,1892,124,148,0.9359119534492493,-1,-1,-1,1
18,-1,510,1958,204,196,0.9290435314178467,-1,-1,-1,1
18,-1,3032,1930,142,116,0.9192723035812378,-1,-1,-1,1
18,-1,308,1860,100,142,0.9110316038131714,-1,-1,-1,1
18,-1,916,1998,88,84,0.8978068232536316,-1,-1,-1,1
18,-1,426,1864,94,148,0.8722907304763794,-1,-1,-1,1
18,-1,1028,1992,100,104,0.8697404265403748,-1,-1,-1,1
18,-1,984,1980,76,110,0.8611903190612793,-1,-1,-1,1
18,-1,1142,2012,82,90,0.8602470755577087,-1,-1,-1,1
18,-1,1736,1960,142,160,0.83675616979599,-1,-1,-1,1
18,-1,1564,2064,126,78,0.8264241814613342,-1,-1,-1,1
18,-1,162,1258,84,164,0.820505678653717,-1,-1,-1,1
18,-1,196,1876,122,246,0.8081739544868469,-1,-1,-1,1
18,-1,3112,1370,88,282,0.7949451208114624,-1,-1,-1,2
18,-1,92,1326,78,118,0.7745540142059326,-1,-1,-1,1
18,-1,248,1146,114,230,0.7648892998695374,-1,-1,-1,1
19,-1,1986,1280,86,256,0.9981100559234619,-1,-1,-1,0
19,-1,2184,1978,144,150,0.9971985816955566,-1,-1,-1,1
19,-1,2660,1396,104,242,0.9961464405059814,-1,-1,-1,2
19,-1,2090,1988,108,138,0.9944327473640442,-1,-1,-1,1
19,-1,1970,1974,122,150,0.9942942261695862,-1,-1,-1,1
19,-1,674,1914,158,188,0.9894599914550781,-1,-1,-1,1
19,-1,3054,1352,104,284,0.988108217716217,-1,-1,-1,2
19,-1,2314,1970,136,154,0.9863494038581848,-1,-1,-1,1
19,-1,2786,1250,78,232,0.9842928051948547,-1,-1,-1,1
19,-1,3210,1162,76,236,0.9799081683158875,-1,-1,-1,1
19,-1,3528,1140,86,270,0.9748072028160095,-1,-1,-1,0
19,-1,3004,1062,66,214,0.9717934727668762,-1,-1,-1,2
19,-1,2740,1090,86,248,0.9634681344032288,-1,-1,-1,1
19,-1,2772,1992,136,156,0.9622138142585754,-1,-1,-1,1
19,-1,1310,1944,118,136,0.9578107595443726,-1,-1,-1,1
19,-1,3646,1156,76,188,0.955409586429596,-1,-1,-1,1
19,-1,2932,1960,184,196,0.9509038925170898,-1,-1,-1,1
19,-1,3184,1892,124,146,0.9440190196037292,-1,-1,-1,1
19,-1,3032,1930,142,116,0.9330157041549683,-1,-1,-1,1
19,-1,1714,1774,98,130,0.9298607110977173,-1,-1,-1,1
19,-1,510,1958,204,196,0.9272838830947876,-1,-1,-1,1
19,-1,2584,1120,94,306,0.9253779053688049,-1,-1,-1,1
19,-1,310,1860,98,142,0.91416335105896,-1,-1,-1,1
19,-1,2472,960,78,172,0.9056023359298706,-1,-1,-1,0
19,-1,916,1998,88,84,0.9027427434921265,-1,-1,-1,1
19,-1,410,1870,108,148,0.8853672742843628,-1,-1,-1,1
19,-1,2636,1118,62,226,0.8804453611373901,-1,-1,-1,1
19,-1,1028,1992,100,104,0.8738054037094116,-1,-1,-1,1
19,-1,984,1982,76,108,0.8614135384559631,-1,-1,-1,1
19,-1,1138,2012,86,86,0.8541282415390015,-1,-1,-1,1
19,-1,1736,1960,142,160,0.8461276888847351,-1,-1,-1,1
19,-1,1564,2056,124,78,0.8263953924179077,-1,-1,-1,1
19,-1,162,1258,84,166,0.8160250782966614,-1,-1,-1,1
19,-1,248,1146,114,230,0.7916029095649719,-1,-1,-1,1
19,-1,92,1326,78,118,0.7760553956031799,-1,-1,-1,1
20,-1,1986,1280,88,256,0.9982175230979919,-1,-1,-1,0
20,-1,2184,1978,144,150,0.997191846370697,-1,-1,-1,1
20,-1,2666,1396,100,242,0.9962887763977051,-1,-1,-1,2
20,-1,2090,1988,108,138,0.9945536851882935,-1,-1,-1,1
20,-1,1970,1974,122,150,0.9942083358764648,-1,-1,-1,1
20,-1,2782,1256,84,222,0.9903213381767273,-1,-1,-1,1
20,-1,674,1912,158,190,0.9899425506591797,-1,-1,-1,1
20,-1,2314,1970,130,154,0.9874358177185059,-1,-1,-1,1
20,-1,3046,1350,108,288,0.9849154949188232,-1,-1,-1,2
20,-1,3208,1164,78,230,0.9814807772636414,-1,-1,-1,1
20,-1,3530,1144,84,268,0.9783348441123962,-1,-1,-1,0
20,-1,2738,1092,88,246,0.9755966067314148,-1,-1,-1,1
20,-1,1310,1942,118,140,0.9695515036582947,-1,-1,-1,1
20,-1,2772,1986,142,168,0.9663518071174622,-1,-1,-1,1
20,-1,3002,1058,66,222,0.966057300567627,-1,-1,-1,2
20,-1,2588,1130,82,294,0.9650627374649048,-1,-1,-1,1
20,-1,3646,1156,76,188,0.9617338180541992,-1,-1,-1,1
20,-1,3184,1892,124,146,0.9487302303314209,-1,-1,-1,1
20,-1,2930,1960,186,194,0.9455419778823853,-1,-1,-1,1
20,-1,3032,1930,142,116,0.9304450750350952,-1,-1,-1,1
20,-1,1714,1776,98,128,0.9286632537841797,-1,-1,-1,1
20,-1,300,1860,106,142,0.9264551997184753,-1,-1,-1,1
20,-1,512,1958,202,196,0.9214181303977966,-1,-1,-1,1
20,-1,2472,846,100,288,0.9064463376998901,-1,-1,-1,0
20,-1,914,1998,90,84,0.9041876196861267,-1,-1,-1,1
20,-1,2646,1116,54,238,0.8963117003440857,-1,-1,-1,2
20,-1,406,1868,102,156,0.8897845149040222,-1,-1,-1,1
20,-1,1028,1992,100,104,0.8677027821540833,-1,-1,-1,1
20,-1,1736,1960,140,160,0.8591216206550598,-1,-1,-1,1
20,-1,994,1976,72,116,0.8557510375976562,-1,-1,-1,1
20,-1,1138,2012,86,86,0.8429009318351746,-1,-1,-1,1
20,-1,1564,2064,128,78,0.8215477466583252,-1,-1,-1,1
20,-1,3116,1376,70,266,0.811450719833374,-1,-1,-1,2
20,-1,162,1258,84,166,0.8106085062026978,-1,-1,-1,1
20,-1,194,1892,126,230,0.8043071031570435,-1,-1,-1,1
20,-1,250,1144,114,232,0.7933697700500488,-1,-1,-1,1
20,-1,92,1326,78,118,0.7706037759780884,-1,-1,-1,1
20,-1,162,1718,122,180,0.7680928111076355,-1,-1,-1,1
21,-1,1986,1280,88,256,0.998290479183197,-1,-1,-1,0
21,-1,2184,1984,144,142,0.9960577487945557,-1,-1,-1,1
21,-1,2090,1988,108,138,0.9945935606956482,-1,-1,-1,1
21,-1,1970,1974,122,150,0.9943345785140991,-1,-1,-1,1
21,-1,2672,1396,96,246,0.9933521747589111,-1,-1,-1,2
21,-1,674,1912,158,190,0.9897151589393616,-1,-1,-1,1
21,-1,3046,1354,116,296,0.9886117577552795,-1,-1,-1,2
21,-1,2316,1968,128,156,0.987273097038269,-1,-1,-1,1
21,-1,3208,1166,78,226,0.9812326431274414,-1,-1,-1,1
21,-1,3530,1138,84,280,0.976387083530426,-1,-1,-1,0
21,-1,2740,1090,86,258,0.9728087782859802,-1,-1,-1,1
21,-1,1310,1942,118,142,0.9707708954811096,-1,-1,-1,1
21,-1,2766,1990,144,158,0.9662423729896545,-1,-1,-1,1
21,-1,2782,1254,78,226,0.9652981758117676,-1,-1,-1,1
21,-1,2994,1054,72,240,0.9616725444793701,-1,-1,-1,2
21,-1,3646,1156,76,188,0.958972692489624,-1,-1,-1,1
21,-1,3184,1892,124,144,0.9487070441246033,-1,-1,-1,1
21,-1,2584,1130,86,294,0.9453837275505066,-1,-1,-1,1
21,-1,2930,1960,186,194,0.9334926009178162,-1,-1,-1,1
21,-1,3032,1930,142,116,0.9296493530273438,-1,-1,-1,1
21,-1,2474,858,100,276,0.9264484643936157,-1,-1,-1,0
21,-1,1714,1776,98,128,0.9263292551040649,-1,-1,-1,1
21,-1,512,1958,204,196,0.9176288843154907,-1,-1,-1,1
21,-1,296,1860,112,142,0.9156367778778076,-1,-1,-1,1
21,-1,914,1998,90,84,0.9087710976600647,-1,-1,-1,1
21,-1,406,1868,104,156,0.889509379863739,-1,-1,-1,1
21,-1,2648,1122,56,224,0.8770101070404053,-1,-1,-1,2
21,-1,1028,1992,98,104,0.8733819127082825,-1,-1,-1,1
21,-1,1736,1960,140,160,0.8618607521057129,-1,-1,-1,1
21,-1,984,1980,78,110,0.8560004830360413,-1,-1,-1,1
21,-1,1138,2012,86,86,0.8552991151809692,-1,-1,-1,1
21,-1,1564,2056,124,78,0.8190340995788574,-1,-1,-1,1
21,-1,162,1258,84,166,0.8106865286827087,-1,-1,-1,1
21,-1,196,1882,122,238,0.809216320514679,-1,-1,-1,1
21,-1,252,1148,110,226,0.8089353442192078,-1,-1,-1,1
21,-1,92,1326,78,118,0.7773914933204651,-1,-1,-1,1
22,-1,1986,1280,88,254,0.9982897639274597,-1,-1,-1,0
22,-1,2184,1984,144,142,0.9960719347000122,-1,-1,-1,1
22,-1,2090,1988,108,138,0.9945845007896423,-1,-1,-1,1
22,-1,1970,1974,122,150,0.9943153262138367,-1,-1,-1,1
22,-1,2672,1396,96,248,0.9933311343193054,-1,-1,-1,2
22,-1,674,1912,158,190,0.9898097515106201,-1,-1,-1,1
22,-1,3046,1354,116,296,0.9886825084686279,-1,-1,-1,2
22,-1,2316,1968,128,156,0.9872597455978394,-1,-1,-1,1
22,-1,3208,1166,78,226,0.981316328048706,-1,-1,-1,1
22,-1,3530,1138,84,280,0.9761800765991211,-1,-1,-1,0
22,-1,2740,1090,86,258,0.9726268649101257,-1,-1,-1,1
22,-1,1310,1942,118,142,0.9709185361862183,-1,-1,-1,1
22,-1,2766,1990,144,158,0.9676845669746399,-1,-1,-1,1
22,-1,2782,1254,80,226,0.9656149744987488,-1,-1,-1,1
22,-1,2994,1054,72,240,0.9608830213546753,-1,-1,-1,2
22,-1,3646,1156,76,188,0.959147572517395,-1,-1,-1,1
22,-1,3184,1892,124,144,0.9500780701637268,-1,-1,-1,1
22,-1,2584,1130,86,294,0.945586085319519,-1,-1,-1,1
22,-1,2930,1960,188,194,0.9386624097824097,-1,-1,-1,1
22,-1,3032,1930,142,116,0.9302932620048523,-1,-1,-1,1
22,-1,2474,858,100,276,0.9282541871070862,-1,-1,-1,0
22,-1,1714,1776,98,128,0.9259185194969177,-1,-1,-1,1
22,-1,512,1958,204,196,0.9175970554351807,-1,-1,-1,1
22,-1,296,1860,112,142,0.9161108136177063,-1,-1,-1,1
22,-1,914,1998,90,84,0.9090536236763,-1,-1,-1,1
22,-1,406,1868,104,156,0.8888648748397827,-1,-1,-1,1
22,-1,2648,1122,56,226,0.874853789806366,-1,-1,-1,2
22,-1,1028,1992,98,104,0.873773455619812,-1,-1,-1,1
22,-1,1736,1960,140,160,0.8586446642875671,-1,-1,-1,1
22,-1,1138,2012,86,86,0.855452299118042,-1,-1,-1,1
22,-1,986,1980,76,110,0.8551458716392517,-1,-1,-1,1
22,-1,1564,2056,124,78,0.8156141638755798,-1,-1,-1,1
22,-1,252,1148,110,226,0.814186155796051,-1,-1,-1,1
22,-1,196,1880,122,240,0.8137028813362122,-1,-1,-1,1
22,-1,162,1258,84,166,0.8110795617103577,-1,-1,-1,1
22,-1,92,1326,78,118,0.7757971882820129,-1,-1,-1,1
23,-1,1986,1282,90,254,0.9983959794044495,-1,-1,-1,0
23,-1,2184,1984,142,142,0.9955888986587524,-1,-1,-1,1
23,-1,2090,1988,108,138,0.9946235418319702,-1,-1,-1,1
23,-1,1970,1974,122,150,0.9943684935569763,-1,-1,-1,1
23,-1,2676,1390,94,252,0.9915906190872192,-1,-1,-1,2
23,-1,674,1912,158,188,0.9901193380355835,-1,-1,-1,1
23,-1,3042,1356,124,294,0.9888395667076111,-1,-1,-1,2
23,-1,2316,1968,128,156,0.9874668717384338,-1,-1,-1,1
23,-1,3208,1168,76,224,0.9789294600486755,-1,-1,-1,1
23,-1,3532,1128,84,298,0.9745871424674988,-1,-1,-1,0
23,-1,2986,1060,76,228,0.97272789478302,-1,-1,-1,2
23,-1,1310,1942,118,142,0.9702010750770569,-1,-1,-1,1
23,-1,2742,1092,82,244,0.9699040651321411,-1,-1,-1,1
23,-1,2770,1984,144,170,0.9656704068183899,-1,-1,-1,1
23,-1,3646,1156,74,188,0.9541425108909607,-1,-1,-1,1
23,-1,3184,1892,124,146,0.9521080255508423,-1,-1,-1,1
23,-1,2928,1960,188,194,0.9457952380180359,-1,-1,-1,1
23,-1,3032,1930,140,116,0.9318497180938721,-1,-1,-1,1
23,-1,1720,1780,94,126,0.9240070581436157,-1,-1,-1,1
23,-1,2778,1246,84,236,0.914292573928833,-1,-1,-1,1
23,-1,512,1958,204,196,0.9137046337127686,-1,-1,-1,1
23,-1,298,1860,110,140,0.9125722646713257,-1,-1,-1,1
23,-1,912,1998,92,84,0.9106670022010803,-1,-1,-1,1
23,-1,2586,1140,78,272,0.9084367156028748,-1,-1,-1,1
23,-1,2654,1126,60,184,0.9017690420150757,-1,-1,-1,2
23,-1,408,1866,102,158,0.8964784741401672,-1,-1,-1,1
23,-1,2484,966,78,166,0.8782874941825867,-1,-1,-1,0
23,-1,1026,1990,100,106,0.8738361597061157,-1,-1,-1,1
23,-1,1736,1960,140,160,0.8663142323493958,-1,-1,-1,1
23,-1,1138,2012,84,88,0.8637397885322571,-1,-1,-1,1
23,-1,990,1974,74,116,0.8585407733917236,-1,-1,-1,1
23,-1,160,1266,84,158,0.8246739506721497,-1,-1,-1,1
23,-1,1564,2066,128,76,0.8155591487884521,-1,-1,-1,1
23,-1,192,1882,124,238,0.8010752201080322,-1,-1,-1,1
23,-1,92,1326,78,118,0.7801250219345093,-1,-1,-1,1
23,-1,516,1948,104,106,0.7568760514259338,-1,-1,-1,1
24,-1,1986,1280,92,254,0.9983996748924255,-1,-1,-1,0
24,-1,2184,1980,142,146,0.9946282505989075,-1,-1,-1,1
24,-1,2090,1988,108,138,0.9945383667945862,-1,-1,-1,1
24,-1,1970,1974,122,150,0.9941704273223877,-1,-1,-1,1
24,-1,674,1912,158,184,0.9895591735839844,-1,-1,-1,1
24,-1,2316,1968,128,154,0.9891402721405029,-1,-1,-1,1
24,-1,2676,1388,106,260,0.9888471364974976,-1,-1,-1,2
24,-1,3036,1354,124,292,0.9848508834838867,-1,-1,-1,2
24,-1,2982,1058,78,230,0.9817059636116028,-1,-1,-1,2
24,-1,3208,1166,76,226,0.9809637069702148,-1,-1,-1,1
24,-1,1310,1942,118,142,0.9691942930221558,-1,-1,-1,1
24,-1,2742,1094,82,242,0.9667733311653137,-1,-1,-1,1
24,-1,3534,1116,82,312,0.9656593203544617,-1,-1,-1,0
24,-1,2776,1986,132,162,0.9635714292526245,-1,-1,-1,1
24,-1,3184,1892,124,146,0.9491052627563477,-1,-1,-1,1
24,-1,2930,1958,182,196,0.9463287591934204,-1,-1,-1,1
24,-1,3032,1930,140,118,0.935271680355072,-1,-1,-1,1
24,-1,3648,1156,72,188,0.9328254461288452,-1,-1,-1,1
24,-1,1720,1780,94,126,0.9207746386528015,-1,-1,-1,1
24,-1,300,1858,108,144,0.9192718863487244,-1,-1,-1,1
24,-1,912,1998,92,84,0.912207305431366,-1,-1,-1,1
24,-1,512,1958,206,196,0.9101014733314514,-1,-1,-1,1
24,-1,2588,1142,76,274,0.9027218818664551,-1,-1,-1,1
24,-1,2654,1128,62,192,0.8909410238265991,-1,-1,-1,2
24,-1,408,1866,102,158,0.8897897601127625,-1,-1,-1,1
24,-1,2494,972,68,158,0.8792271614074707,-1,-1,-1,0
24,-1,1026,1990,100,106,0.8646540641784668,-1,-1,-1,1
24,-1,1138,2012,84,88,0.8624598383903503,-1,-1,-1,1
24,-1,988,1974,76,116,0.8536264896392822,-1,-1,-1,1
24,-1,1736,1968,148,156,0.8352349400520325,-1,-1,-1,1
24,-1,162,1258,84,164,0.8271064758300781,-1,-1,-1,1
24,-1,1564,2066,128,76,0.8170335292816162,-1,-1,-1,1
24,-1,2786,1244,70,230,0.8055522441864014,-1,-1,-1,1
24,-1,194,1886,120,234,0.7884783148765564,-1,-1,-1,1
24,-1,92,1326,78,118,0.7826152443885803,-1,-1,-1,1
24,-1,514,1948,104,106,0.7574152946472168,-1,-1,-1,1
25,-1,1986,1280,92,254,0.9984476566314697,-1,-1,-1,0
25,-1,2184,1980,142,146,0.994638979434967,-1,-1,-1,1
25,-1,2090,1988,108,138,0.9945313334465027,-1,-1,-1,1
25,-1,1970,1974,122,150,0.9940972328186035,-1,-1,-1,1
25,-1,2314,1968,130,154,0.9897443652153015,-1,-1,-1,1
25,-1,674,1912,158,182,0.9893648624420166,-1,-1,-1,1
25,-1,2688,1392,94,238,0.9872170090675354,-1,-1,-1,2
25,-1,3038,1356,126,292,0.9870976805686951,-1,-1,-1,2
25,-1,3202,1166,84,226,0.98515784740448,-1,-1,-1,1
25,-1,2974,1064,84,224,0.9827712178230286,-1,-1,-1,2
25,-1,1310,1942,118,142,0.9702324867248535,-1,-1,-1,1
25,-1,3534,1116,84,292,0.9644155502319336,-1,-1,-1,0
25,-1,2744,1098,78,242,0.9638126492500305,-1,-1,-1,1
25,-1,2782,1986,122,168,0.9553666114807129,-1,-1,-1,1
25,-1,3184,1892,124,144,0.9516509175300598,-1,-1,-1,1
25,-1,2930,1958,182,196,0.940687894821167,-1,-1,-1,1
25,-1,2588,1140,72,288,0.9343523383140564,-1,-1,-1,1
25,-1,3032,1930,140,116,0.9314128756523132,-1,-1,-1,1
25,-1,302,1858,106,146,0.9290518760681152,-1,-1,-1,1
25,-1,1722,1780,92,126,0.9201611876487732,-1,-1,-1,1
25,-1,3650,1158,74,186,0.9165899157524109,-1,-1,-1,1
25,-1,912,1998,92,84,0.9092777967453003,-1,-1,-1,1
25,-1,514,1958,204,194,0.8997533321380615,-1,-1,-1,1
25,-1,408,1866,102,160,0.88592529296875,-1,-1,-1,1
25,-1,1138,2012,84,88,0.861707329750061,-1,-1,-1,1
25,-1,1026,1990,100,106,0.8556308150291443,-1,-1,-1,1
25,-1,2504,984,52,144,0.8500351309776306,-1,-1,-1,0
25,-1,988,1974,78,116,0.8492570519447327,-1,-1,-1,1
25,-1,2786,1246,72,228,0.8460644483566284,-1,-1,-1,1
25,-1,1736,1968,150,154,0.833035945892334,-1,-1,-1,1
25,-1,160,1266,84,158,0.8308729529380798,-1,-1,-1,1
25,-1,2656,1128,64,196,0.8307541608810425,-1,-1,-1,1
25,-1,1564,2066,128,76,0.8172457814216614,-1,-1,-1,1
25,-1,92,1326,78,118,0.7809327840805054,-1,-1,-1,1
25,-1,194,1882,126,240,0.7771133780479431,-1,-1,-1,1
25,-1,516,1948,102,106,0.7578614354133606,-1,-1,-1,1
26,-1,1986,1280,92,254,0.9984475374221802,-1,-1,-1,0
26,-1,2090,1988,108,138,0.9945436716079712,-1,-1,-1,1
26,-1,2184,1980,142,146,0.994434654712677,-1,-1,-1,1
26,-1,1970,1974,122,150,0.9941907525062561,-1,-1,-1,1
26,-1,2316,1968,124,154,0.9923641681671143,-1,-1,-1,1
26,-1,2974,1066,82,220,0.9922366738319397,-1,-1,-1,2
26,-1,676,1912,156,182,0.989471971988678,-1,-1,-1,1
26,-1,3044,1362,128,294,0.9874467253684998,-1,-1,-1,2
26,-1,3202,1166,84,226,0.9859532117843628,-1,-1,-1,1
26,-1,2690,1394,100,242,0.9721729159355164,-1,-1,-1,2
26,-1,1310,1942,118,142,0.9711688756942749,-1,-1,-1,1
26,-1,3536,1118,84,282,0.9675207138061523,-1,-1,-1,0
26,-1,2742,1100,80,246,0.9581298828125,-1,-1,-1,1
26,-1,3184,1892,124,146,0.9516154527664185,-1,-1,-1,1
26,-1,2930,1958,182,196,0.9409905672073364,-1,-1,-1,1
26,-1,2784,1996,122,158,0.9385525584220886,-1,-1,-1,1
26,-1,302,1858,106,146,0.9337650537490845,-1,-1,-1,1
26,-1,3032,1930,140,118,0.9321386814117432,-1,-1,-1,1
26,-1,2590,1146,78,276,0.921844482421875,-1,-1,-1,1
26,-1,1714,1774,98,130,0.9210659265518188,-1,-1,-1,1
26,-1,3648,1156,72,186,0.9155023694038391,-1,-1,-1,1
26,-1,910,1998,94,84,0.9097189903259277,-1,-1,-1,1
26,-1,406,1866,104,160,0.9032467603683472,-1,-1,-1,1
26,-1,512,1956,204,196,0.8917489051818848,-1,-1,-1,1
26,-1,2782,1246,80,228,0.8832334876060486,-1,-1,-1,1
26,-1,1138,2010,82,90,0.8614564538002014,-1,-1,-1,1
26,-1,2510,974,54,160,0.8539124727249146,-1,-1,-1,0
26,-1,1026,1992,100,104,0.8518219590187073,-1,-1,-1,1
26,-1,990,1974,76,116,0.8398188948631287,-1,-1,-1,1
26,-1,1736,1968,150,154,0.8373023867607117,-1,-1,-1,1
26,-1,162,1268,82,156,0.825158953666687,-1,-1,-1,1
26,-1,1566,2062,126,80,0.8129938840866089,-1,-1,-1,1
26,-1,2652,1130,68,192,0.7857959866523743,-1,-1,-1,1
26,-1,194,1882,126,240,0.7814431190490723,-1,-1,-1,1
26,-1,92,1326,78,118,0.7768279910087585,-1,-1,-1,1
26,-1,516,1946,102,108,0.7531709671020508,-1,-1,-1,1
27,-1,1986,1280,92,252,0.9983647465705872,-1,-1,-1,0
27,-1,2090,1988,108,138,0.9943992495536804,-1,-1,-1,1
27,-1,2184,1980,142,146,0.994265615940094,-1,-1,-1,1
27,-1,1970,1974,122,150,0.9940641522407532,-1,-1,-1,1
27,-1,2316,1968,124,154,0.9924631118774414,-1,-1,-1,1
27,-1,2972,1068,84,216,0.9916935563087463,-1,-1,-1,2
27,-1,3046,1362,128,294,0.990170419216156,-1,-1,-1,2
27,-1,674,1906,160,184,0.9875827431678772,-1,-1,-1,1
27,-1,3202,1166,84,226,0.9828042984008789,-1,-1,-1,1
27,-1,1310,1942,118,142,0.9730200171470642,-1,-1,-1,1
27,-1,2740,1098,80,246,0.9653851389884949,-1,-1,-1,1
27,-1,2692,1402,100,234,0.9616595506668091,-1,-1,-1,2
27,-1,3542,1110,78,304,0.960411787033081,-1,-1,-1,0
27,-1,3184,1892,124,146,0.9533697366714478,-1,-1,-1,1
27,-1,2782,1244,78,226,0.9524324536323547,-1,-1,-1,1
27,-1,2590,1164,72,264,0.9434129595756531,-1,-1,-1,1
27,-1,2930,1958,188,196,0.9395206570625305,-1,-1,-1,1
27,-1,2784,1996,124,158,0.9381532669067383,-1,-1,-1,1
27,-1,2514,990,50,140,0.9322909116744995,-1,-1,-1,0
27,-1,3032,1930,140,118,0.931126594543457,-1,-1,-1,1
27,-1,306,1860,104,144,0.9266244769096375,-1,-1,-1,1
27,-1,1720,1780,94,126,0.9198209643363953,-1,-1,-1,1
27,-1,910,1998,92,86,0.9090780019760132,-1,-1,-1,1
27,-1,3650,1158,74,186,0.9054867029190063,-1,-1,-1,1
27,-1,514,1956,204,196,0.8967880010604858,-1,-1,-1,1
27,-1,408,1866,102,158,0.8820578455924988,-1,-1,-1,1
27,-1,1138,2010,82,90,0.8672451376914978,-1,-1,-1,1
27,-1,1026,1992,100,104,0.8494071960449219,-1,-1,-1,1
27,-1,1736,1968,148,156,0.8394240736961365,-1,-1,-1,1
27,-1,990,1974,76,116,0.8373833894729614,-1,-1,-1,1
27,-1,162,1268,82,156,0.8247823715209961,-1,-1,-1,1
27,-1,1566,2062,126,82,0.817274272441864,-1,-1,-1,1
27,-1,192,1876,128,246,0.791989266872406,-1,-1,-1,1
27,-1,92,1326,78,118,0.7762883901596069,-1,-1,-1,1
27,-1,2944,1942,96,138,0.7564040422439575,-1,-1,-1,1
28,-1,1986,1280,92,252,0.9983658194541931,-1,-1,-1,0
28,-1,2090,1988,108,138,0.9943650960922241,-1,-1,-1,1
28,-1,2184,1980,142,146,0.9942463040351868,-1,-1,-1,1
28,-1,1970,1974,122,150,0.9940584897994995,-1,-1,-1,1
28,-1,2316,1968,124,154,0.9924263954162598,-1,-1,-1,1
28,-1,2972,1068,84,216,0.9915623068809509,-1,-1,-1,2
28,-1,3046,1362,128,294,0.9897572994232178,-1,-1,-1,2
28,-1,674,1906,160,184,0.9876083731651306,-1,-1,-1,1
28,-1,3202,1166,84,226,0.9827800989151001,-1,-1,-1,1
28,-1,1310,1942,118,142,0.9730834364891052,-1,-1,-1,1
28,-1,2740,1100,80,244,0.9658936858177185,-1,-1,-1,1
28,-1,2694,1404,98,228,0.9612523317337036,-1,-1,-1,2
28,-1,3542,1110,78,304,0.9606055617332458,-1,-1,-1,0
28,-1,2782,1244,78,226,0.9538645148277283,-1,-1,-1,1
28,-1,3184,1892,124,146,0.9535627961158752,-1,-1,-1,1
28,-1,2590,1164,72,264,0.9438254237174988,-1,-1,-1,1
28,-1,2928,1958,190,196,0.9393610954284668,-1,-1,-1,1
28,-1,2786,1988,126,168,0.9369598627090454,-1,-1,-1,1
28,-1,2514,990,50,140,0.9324566721916199,-1,-1,-1,0
28,-1,3032,1930,140,118,0.9313578605651855,-1,-1,-1,1
28,-1,306,1860,104,144,0.9267089366912842,-1,-1,-1,1
28,-1,1720,1780,94,126,0.918489933013916,-1,-1,-1,1
28,-1,910,1998,92,86,0.9093294739723206,-1,-1,-1,1
28,-1,3650,1158,74,186,0.9060958027839661,-1,-1,-1,1
28,-1,512,1956,206,196,0.8969094157218933,-1,-1,-1,1
28,-1,408,1866,102,158,0.8822659254074097,-1,-1,-1,1
28,-1,1138,2010,82,90,0.8669129610061646,-1,-1,-1,1
28,-1,1026,1992,100,104,0.8490064144134521,-1,-1,-1,1
28,-1,1736,1968,150,156,0.8407970666885376,-1,-1,-1,1
28,-1,990,1974,76,116,0.8350464105606079,-1,-1,-1,1
28,-1,162,1268,82,156,0.8249078989028931,-1,-1,-1,1
28,-1,1566,2062,126,82,0.8196731805801392,-1,-1,-1,1
28,-1,192,1876,128,246,0.7899655699729919,-1,-1,-1,1
28,-1,92,1326,78,118,0.7759692668914795,-1,-1,-1,1
28,-1,2940,1944,96,134,0.7741605043411255,-1,-1,-1,1
29,-1,1984,1282,94,250,0.9984501600265503,-1,-1,-1,0
29,-1,2090,1988,108,138,0.9943479895591736,-1,-1,-1,1
29,-1,2184,1980,142,146,0.9941567182540894,-1,-1,-1,1
29,-1,1970,1974,122,150,0.9940451383590698,-1,-1,-1,1
29,-1,2968,1072,84,210,0.9914809465408325,-1,-1,-1,2
29,-1,3050,1364,122,292,0.9905725121498108,-1,-1,-1,2
29,-1,2312,1968,136,156,0.9898350834846497,-1,-1,-1,1
29,-1,674,1906,160,182,0.9867369532585144,-1,-1,-1,1
29,-1,3202,1164,84,228,0.9828765988349915,-1,-1,-1,1
29,-1,2736,1098,84,250,0.9746736884117126,-1,-1,-1,1
29,-1,1310,1942,118,142,0.9720419049263,-1,-1,-1,1
29,-1,2688,1400,110,244,0.9634098410606384,-1,-1,-1,2
29,-1,2518,976,52,160,0.9598169326782227,-1,-1,-1,0
29,-1,3184,1892,122,146,0.954206645488739,-1,-1,-1,1
29,-1,3544,1110,78,304,0.9421107769012451,-1,-1,-1,0
29,-1,2590,1158,74,266,0.9364606142044067,-1,-1,-1,1
29,-1,2774,1244,86,226,0.9344379901885986,-1,-1,-1,1
29,-1,306,1860,104,142,0.9313461780548096,-1,-1,-1,1
29,-1,2930,1958,186,196,0.9289082288742065,-1,-1,-1,1
29,-1,3032,1930,140,118,0.928807258605957,-1,-1,-1,1
29,-1,2788,1986,124,170,0.9268354773521423,-1,-1,-1,1
29,-1,1722,1780,92,124,0.9178562760353088,-1,-1,-1,1
29,-1,910,1998,92,86,0.9047497510910034,-1,-1,-1,1
29,-1,3652,1158,72,184,0.8994913697242737,-1,-1,-1,1
29,-1,514,1956,204,196,0.8973036408424377,-1,-1,-1,1
29,-1,408,1866,102,160,0.8816302418708801,-1,-1,-1,1
29,-1,1138,2010,84,90,0.8642382025718689,-1,-1,-1,1
29,-1,1736,1962,142,158,0.8546487092971802,-1,-1,-1,1
29,-1,1026,1990,100,106,0.8505459427833557,-1,-1,-1,1
29,-1,196,1888,118,232,0.8371549844741821,-1,-1,-1,1
29,-1,990,1974,76,116,0.8346555829048157,-1,-1,-1,1
29,-1,162,1268,82,156,0.8263003826141357,-1,-1,-1,1
29,-1,1566,2062,126,80,0.8140166997909546,-1,-1,-1,1
29,-1,92,1326,78,118,0.7792724370956421,-1,-1,-1,1
30,-1,1984,1282,92,250,0.9985264539718628,-1,-1,-1,0
30,-1,2090,1988,108,138,0.9941100478172302,-1,-1,-1,1
30,-1,1970,1974,122,150,0.993887722492218,-1,-1,-1,1
30,-1,2184,1980,142,146,0.9938418865203857,-1,-1,-1,1
30,-1,2312,1968,140,156,0.9892728328704834,-1,-1,-1,1
30,-1,3048,1366,124,294,0.9889354109764099,-1,-1,-1,2
30,-1,2964,1072,86,210,0.988868236541748,-1,-1,-1,2
30,-1,676,1912,154,176,0.9871693849563599,-1,-1,-1,1
30,-1,3204,1164,80,228,0.9830516576766968,-1,-1,-1,1
30,-1,2686,1386,132,260,0.981799304485321,-1,-1,-1,2
30,-1,2738,1100,78,254,0.9782966375350952,-1,-1,-1,1
30,-1,1310,1942,118,142,0.9736995697021484,-1,-1,-1,1
30,-1,2522,960,54,176,0.9610852599143982,-1,-1,-1,0
30,-1,3184,1892,122,146,0.9524461030960083,-1,-1,-1,1
30,-1,2590,1158,74,266,0.9445967674255371,-1,-1,-1,1
30,-1,308,1860,102,144,0.9283736348152161,-1,-1,-1,1
30,-1,3032,1930,140,118,0.9254244565963745,-1,-1,-1,1
30,-1,2930,1952,206,208,0.9220951199531555,-1,-1,-1,1
30,-1,2788,1986,126,170,0.9212852716445923,-1,-1,-1,1
30,-1,1722,1780,92,124,0.9175476431846619,-1,-1,-1,1
30,-1,514,1956,204,196,0.9003239274024963,-1,-1,-1,1
30,-1,908,1998,94,86,0.8989237546920776,-1,-1,-1,1
30,-1,3652,1158,72,184,0.8876892328262329,-1,-1,-1,1
30,-1,3544,1088,78,332,0.8816120028495789,-1,-1,-1,0
30,-1,408,1866,104,160,0.8739557862281799,-1,-1,-1,1
30,-1,1136,2010,84,90,0.871640145778656,-1,-1,-1,1
30,-1,1736,1968,148,156,0.8499045372009277,-1,-1,-1,1
30,-1,1026,1990,98,106,0.8445183038711548,-1,-1,-1,1
30,-1,2776,1250,78,198,0.8344968557357788,-1,-1,-1,1
30,-1,990,1974,76,116,0.8321693539619446,-1,-1,-1,1
30,-1,162,1268,80,156,0.8266631364822388,-1,-1,-1,1
30,-1,2652,1132,70,196,0.8213173747062683,-1,-1,-1,1
30,-1,198,1888,120,232,0.8150709867477417,-1,-1,-1,1
30,-1,1566,2062,126,80,0.8144771456718445,-1,-1,-1,1
30,-1,92,1326,78,118,0.7861044406890869,-1,-1,-1,1
30,-1,2934,1944,104,134,0.7719744443893433,-1,-1,-1,1
31,-1,1984,1280,92,252,0.9984949827194214,-1,-1,-1,0
31,-1,2090,1988,108,138,0.9942259192466736,-1,-1,-1,1
31,-1,2184,1980,142,146,0.993918776512146,-1,-1,-1,1
31,-1,1970,1974,122,150,0.9938521385192871,-1,-1,-1,1
31,-1,2312,1968,140,156,0.9892804026603699,-1,-1,-1,1
31,-1,3048,1366,122,302,0.9889171123504639,-1,-1,-1,2
31,-1,676,1912,154,176,0.9862398505210876,-1,-1,-1,1
31,-1,3204,1164,80,228,0.983352780342102,-1,-1,-1,1
31,-1,2742,1098,72,244,0.9766621589660645,-1,-1,-1,1
31,-1,2688,1390,124,258,0.9746145606040955,-1,-1,-1,2
31,-1,2962,1072,82,210,0.9702833294868469,-1,-1,-1,2
31,-1,2526,940,60,192,0.9668348431587219,-1,-1,-1,0
31,-1,1310,1944,116,138,0.9648596048355103,-1,-1,-1,1
31,-1,3184,1892,122,146,0.9509581327438354,-1,-1,-1,1
31,-1,2780,1978,138,176,0.9408782720565796,-1,-1,-1,1
31,-1,2930,1960,188,194,0.9359683394432068,-1,-1,-1,1
31,-1,2596,1156,76,260,0.9345904588699341,-1,-1,-1,1
31,-1,3032,1930,140,118,0.9234904050827026,-1,-1,-1,1
31,-1,306,1860,102,146,0.9225074052810669,-1,-1,-1,1
31,-1,2680,1140,72,200,0.9205762147903442,-1,-1,-1,2
31,-1,1722,1780,92,124,0.9152346849441528,-1,-1,-1,1
31,-1,512,1956,206,196,0.9034948348999023,-1,-1,-1,1
31,-1,908,1998,94,86,0.89219069480896,-1,-1,-1,1
31,-1,408,1866,104,160,0.8858271837234497,-1,-1,-1,1
31,-1,3652,1156,74,186,0.8836222887039185,-1,-1,-1,1
31,-1,1736,1962,142,158,0.8777827620506287,-1,-1,-1,1
31,-1,1136,2008,84,92,0.8751877546310425,-1,-1,-1,1
31,-1,3544,1074,80,354,0.843325674533844,-1,-1,-1,0
31,-1,1026,1992,98,104,0.8405323028564453,-1,-1,-1,1
31,-1,2774,1236,80,212,0.8390108942985535,-1,-1,-1,1
31,-1,202,1890,112,230,0.8388236165046692,-1,-1,-1,1
31,-1,2636,1126,76,210,0.834130048751831,-1,-1,-1,1
31,-1,162,1268,80,156,0.8229532837867737,-1,-1,-1,1
31,-1,982,1982,82,110,0.8181701898574829,-1,-1,-1,1
31,-1,1564,2056,126,78,0.804628849029541,-1,-1,-1,1
31,-1,92,1326,78,118,0.7849581241607666,-1,-1,-1,1
31,-1,2686,1950,134,194,0.7737935185432434,-1,-1,-1,1
32,-1,1984,1280,92,252,0.9984549283981323,-1,-1,-1,0
32,-1,2090,1988,108,138,0.9940332770347595,-1,-1,-1,1
32,-1,1970,1974,122,150,0.9939078092575073,-1,-1,-1,1
32,-1,2184,1980,142,146,0.9938398003578186,-1,-1,-1,1
32,-1,3048,1364,124,306,0.9928633570671082,-1,-1,-1,2
32,-1,2312,1968,142,156,0.989648699760437,-1,-1,-1,1
32,-1,2526,942,66,190,0.9855955839157104,-1,-1,-1,0
32,-1,674,1914,156,174,0.9851799011230469,-1,-1,-1,1
32,-1,3204,1164,80,228,0.9841334819793701,-1,-1,-1,1
32,-1,2740,1098,72,246,0.9835065007209778,-1,-1,-1,1
32,-1,2962,1072,78,210,0.972497284412384,-1,-1,-1,2
32,-1,1312,1944,114,138,0.9629392623901367,-1,-1,-1,1
32,-1,2782,1978,138,178,0.9518404603004456,-1,-1,-1,1
32,-1,2702,1398,118,244,0.9516294598579407,-1,-1,-1,2
32,-1,2682,1142,70,198,0.9484358429908752,-1,-1,-1,2
32,-1,3184,1892,122,146,0.9476936459541321,-1,-1,-1,1
32,-1,2932,1952,204,208,0.9239987730979919,-1,-1,-1,1
32,-1,3030,1930,142,118,0.9235889911651611,-1,-1,-1,1
32,-1,304,1858,106,148,0.9223297238349915,-1,-1,-1,1
32,-1,1724,1782,90,122,0.9150628447532654,-1,-1,-1,1
32,-1,2598,1162,72,252,0.9107949137687683,-1,-1,-1,1
32,-1,512,1956,206,196,0.9047995805740356,-1,-1,-1,1
32,-1,1736,1960,142,160,0.9033820629119873,-1,-1,-1,1
32,-1,906,1998,96,86,0.9000334739685059,-1,-1,-1,1
32,-1,3652,1156,68,188,0.8863179087638855,-1,-1,-1,1
32,-1,408,1866,104,160,0.8814333081245422,-1,-1,-1,1
32,-1,1136,2008,82,90,0.8781688809394836,-1,-1,-1,1
32,-1,202,1890,114,232,0.8574469089508057,-1,-1,-1,1
32,-1,1026,1990,98,106,0.8406512141227722,-1,-1,-1,1
32,-1,990,1976,82,116,0.8150158524513245,-1,-1,-1,1
32,-1,162,1270,80,154,0.8124576210975647,-1,-1,-1,1
32,-1,2686,1950,134,196,0.8092113733291626,-1,-1,-1,1
32,-1,1564,2056,124,78,0.7990422248840332,-1,-1,-1,1
32,-1,2636,1132,76,206,0.7888448238372803,-1,-1,-1,1
32,-1,94,1326,76,118,0.7779783606529236,-1,-1,-1,1
32,-1,2934,1944,104,134,0.7675352096557617,-1,-1,-1,1
32,-1,2772,1230,80,218,0.7508103251457214,-1,-1,-1,1
33,-1,1984,1280,92,254,0.998380184173584,-1,-1,-1,0
33,-1,2090,1988,108,138,0.9940981864929199,-1,-1,-1,1
33,-1,2184,1980,142,146,0.9940201044082642,-1,-1,-1,1
33,-1,1970,1974,122,150,0.993970513343811,-1,-1,-1,1
33,-1,3050,1362,120,312,0.9916765689849854,-1,-1,-1,2
33,-1,2312,1968,138,156,0.9899559020996094,-1,-1,-1,1
33,-1,2526,944,72,190,0.9865545034408569,-1,-1,-1,0
33,-1,2962,1072,74,208,0.9838833212852478,-1,-1,-1,2
33,-1,674,1914,154,172,0.9830330014228821,-1,-1,-1,1
33,-1,2738,1100,74,244,0.9826853275299072,-1,-1,-1,1
33,-1,3204,1164,80,228,0.9819933176040649,-1,-1,-1,1
33,-1,1312,1944,114,138,0.9617159962654114,-1,-1,-1,1
33,-1,2678,1138,76,208,0.9583652019500732,-1,-1,-1,1
33,-1,2786,1976,136,180,0.9568933248519897,-1,-1,-1,1
33,-1,3184,1892,122,146,0.9521394968032837,-1,-1,-1,1
33,-1,2930,1956,192,198,0.9380668997764587,-1,-1,-1,1
33,-1,3030,1930,142,118,0.9355344176292419,-1,-1,-1,1
33,-1,310,1858,100,154,0.9273342490196228,-1,-1,-1,1
33,-1,1724,1782,90,122,0.9139004349708557,-1,-1,-1,1
33,-1,1736,1960,142,160,0.9138649106025696,-1,-1,-1,1
33,-1,516,1958,202,194,0.9006372094154358,-1,-1,-1,1
33,-1,3654,1164,70,180,0.8979111909866333,-1,-1,-1,1
33,-1,2594,1158,86,256,0.8972568511962891,-1,-1,-1,1
33,-1,410,1866,104,160,0.8948685526847839,-1,-1,-1,1
33,-1,906,1998,96,86,0.8934109807014465,-1,-1,-1,1
33,-1,1138,2010,82,88,0.8788900375366211,-1,-1,-1,1
33,-1,2772,1226,78,226,0.8584575057029724,-1,-1,-1,1
33,-1,204,1890,112,232,0.854968249797821,-1,-1,-1,1
33,-1,2688,1950,134,198,0.8548955917358398,-1,-1,-1,1
33,-1,1028,1990,98,106,0.8349593877792358,-1,-1,-1,1
33,-1,990,1974,76,116,0.8153554797172546,-1,-1,-1,1
33,-1,162,1270,80,152,0.8130009174346924,-1,-1,-1,1
33,-1,1564,2056,124,78,0.8015131950378418,-1,-1,-1,1
33,-1,2716,1412,96,210,0.8006072044372559,-1,-1,-1,2
33,-1,94,1326,76,118,0.7806105017662048,-1,-1,-1,1
33,-1,1694,1754,58,142,0.7502415180206299,-1,-1,-1,1
34,-1,1984,1280,92,254,0.9983792304992676,-1,-1,-1,0
34,-1,2090,1988,108,138,0.994107723236084,-1,-1,-1,1
34,-1,2184,1980,142,146,0.9940166473388672,-1,-1,-1,1
34,-1,1970,1974,122,150,0.9940009713172913,-1,-1,-1,1
34,-1,3050,1362,120,312,0.9917730689048767,-1,-1,-1,2
34,-1,2312,1968,138,156,0.9899541139602661,-1,-1,-1,1
34,-1,2526,944,72,190,0.986615002155304,-1,-1,-1,0
34,-1,2960,1072,76,210,0.9843473434448242,-1,-1,-1,2
34,-1,674,1914,154,172,0.9825623035430908,-1,-1,-1,1
34,-1,2738,1100,74,244,0.9825397729873657,-1,-1,-1,1
34,-1,3204,1164,80,228,0.9820778965950012,-1,-1,-1,1
34,-1,1312,1944,114,138,0.9622129201889038,-1,-1,-1,1
34,-1,2678,1138,76,208,0.958227276802063,-1,-1,-1,1
34,-1,2786,1974,136,182,0.9576831459999084,-1,-1,-1,1
34,-1,3184,1892,122,146,0.952182412147522,-1,-1,-1,1
34,-1,2928,1956,194,198,0.9396997690200806,-1,-1,-1,1
34,-1,3030,1930,142,118,0.9353744983673096,-1,-1,-1,1
34,-1,312,1860,98,148,0.9214277267456055,-1,-1,-1,1
34,-1,1716,1778,96,126,0.9156922101974487,-1,-1,-1,1
34,-1,1736,1960,142,160,0.9149740934371948,-1,-1,-1,1
34,-1,516,1958,202,194,0.9012039303779602,-1,-1,-1,1
34,-1,3654,1164,70,180,0.8986506462097168,-1,-1,-1,1
34,-1,410,1866,104,160,0.8953214883804321,-1,-1,-1,1
34,-1,906,1998,96,86,0.890708863735199,-1,-1,-1,1
34,-1,2594,1158,86,256,0.8899011015892029,-1,-1,-1,1
34,-1,1138,2010,82,90,0.8786438703536987,-1,-1,-1,1
34,-1,2772,1226,78,224,0.8551042079925537,-1,-1,-1,1
34,-1,204,1890,112,232,0.8544145822525024,-1,-1,-1,1
34,-1,2688,1950,134,198,0.8522734642028809,-1,-1,-1,1
34,-1,1028,1990,98,106,0.8347163796424866,-1,-1,-1,1
34,-1,990,1974,76,116,0.8153563737869263,-1,-1,-1,1
34,-1,2716,1412,96,212,0.8141838908195496,-1,-1,-1,2
34,-1,162,1270,80,152,0.8115116357803345,-1,-1,-1,1
34,-1,1564,2056,124,78,0.7968985438346863,-1,-1,-1,1
34,-1,94,1326,76,118,0.7802146673202515,-1,-1,-1,1
35,-1,1984,1280,90,254,0.9981195330619812,-1,-1,-1,0
35,-1,2090,1988,108,138,0.9941798448562622,-1,-1,-1,1
35,-1,1970,1974,122,150,0.9940723776817322,-1,-1,-1,1
35,-1,2184,1980,142,146,0.9939554333686829,-1,-1,-1,1
35,-1,3050,1362,120,314,0.9924342632293701,-1,-1,-1,2
35,-1,2522,938,84,198,0.9906166195869446,-1,-1,-1,0
35,-1,2310,1968,138,156,0.9894201755523682,-1,-1,-1,1
35,-1,2736,1100,74,246,0.9822319746017456,-1,-1,-1,1
35,-1,3204,1166,78,226,0.9816567301750183,-1,-1,-1,1
35,-1,672,1908,152,176,0.980741560459137,-1,-1,-1,1
35,-1,2960,1074,70,204,0.9731431603431702,-1,-1,-1,2
35,-1,1312,1944,114,138,0.9630269408226013,-1,-1,-1,1
35,-1,2782,1976,140,178,0.9586412906646729,-1,-1,-1,1
35,-1,2682,1140,72,204,0.9484611749649048,-1,-1,-1,2
35,-1,3184,1892,122,146,0.9480327367782593,-1,-1,-1,1
35,-1,2928,1958,196,198,0.9361780285835266,-1,-1,-1,1
35,-1,1744,1956,148,168,0.9341954588890076,-1,-1,-1,1
35,-1,3032,1930,142,118,0.9288119673728943,-1,-1,-1,1
35,-1,310,1860,100,152,0.9256174564361572,-1,-1,-1,1
35,-1,1716,1778,96,126,0.9228075742721558,-1,-1,-1,1
35,-1,2594,1156,82,260,0.9082895517349243,-1,-1,-1,1
35,-1,3654,1166,70,178,0.9037891030311584,-1,-1,-1,1
35,-1,414,1864,104,164,0.9025065302848816,-1,-1,-1,1
35,-1,518,1958,202,196,0.895492434501648,-1,-1,-1,1
35,-1,906,1998,96,86,0.8931114077568054,-1,-1,-1,1
35,-1,1138,2010,82,88,0.8827593922615051,-1,-1,-1,1
35,-1,2686,1952,136,196,0.8528617024421692,-1,-1,-1,1
35,-1,204,1890,112,230,0.8468665480613708,-1,-1,-1,1
35,-1,1028,1990,98,106,0.8312272429466248,-1,-1,-1,1
35,-1,168,1262,74,160,0.828604519367218,-1,-1,-1,1
35,-1,2714,1208,138,426,0.8184939622879028,-1,-1,-1,1
35,-1,990,1974,76,116,0.8102949857711792,-1,-1,-1,1
35,-1,1564,2056,124,78,0.7997912168502808,-1,-1,-1,1
35,-1,94,1326,76,118,0.7796297073364258,-1,-1,-1,1
36,-1,1982,1280,92,254,0.9981964230537415,-1,-1,-1,0
36,-1,2090,1988,108,138,0.9942610263824463,-1,-1,-1,1
36,-1,2184,1980,142,146,0.9940390586853027,-1,-1,-1,1
36,-1,1970,1974,122,150,0.9939432740211487,-1,-1,-1,1
36,-1,2526,946,80,190,0.9914377331733704,-1,-1,-1,0
36,-1,3050,1364,120,314,0.9909330606460571,-1,-1,-1,2
36,-1,2310,1968,140,156,0.9903164505958557,-1,-1,-1,1
36,-1,2732,1100,76,252,0.984062135219574,-1,-1,-1,1
36,-1,672,1908,152,174,0.9816762208938599,-1,-1,-1,1
36,-1,3206,1164,76,230,0.978912889957428,-1,-1,-1,1
36,-1,1312,1944,114,140,0.9641265869140625,-1,-1,-1,1
36,-1,2778,1986,136,162,0.963860273361206,-1,-1,-1,1
36,-1,2960,1072,66,212,0.9602165222167969,-1,-1,-1,2
36,-1,2734,1246,122,376,0.9578187465667725,-1,-1,-1,1
36,-1,3184,1892,122,146,0.9523425102233887,-1,-1,-1,1
36,-1,2932,1960,192,196,0.9463632106781006,-1,-1,-1,1
36,-1,2688,1134,64,218,0.9395211935043335,-1,-1,-1,2
36,-1,1742,1956,150,168,0.9362341165542603,-1,-1,-1,1
36,-1,312,1860,98,146,0.9279453158378601,-1,-1,-1,1
36,-1,1714,1776,98,128,0.9250341057777405,-1,-1,-1,1
36,-1,3032,1930,142,118,0.9236252903938293,-1,-1,-1,1
36,-1,3654,1164,70,178,0.9026275277137756,-1,-1,-1,1
36,-1,414,1864,102,164,0.9006497859954834,-1,-1,-1,1
36,-1,908,1996,94,88,0.891075611114502,-1,-1,-1,1
36,-1,518,1956,200,196,0.8907719850540161,-1,-1,-1,1
36,-1,1138,2010,82,90,0.8834991455078125,-1,-1,-1,1
36,-1,2594,1156,82,254,0.855806827545166,-1,-1,-1,1
36,-1,1028,1992,98,104,0.8345108032226562,-1,-1,-1,1
36,-1,2686,1952,136,192,0.8325299024581909,-1,-1,-1,1
36,-1,202,1890,114,230,0.8278038501739502,-1,-1,-1,1
36,-1,1564,2056,126,78,0.8172661662101746,-1,-1,-1,1
36,-1,990,1974,76,116,0.8145564794540405,-1,-1,-1,1
36,-1,162,1270,80,152,0.8123978972434998,-1,-1,-1,1
36,-1,2626,1130,102,232,0.8069484233856201,-1,-1,-1,1
36,-1,94,1326,76,118,0.7764521837234497,-1,-1,-1,1
36,-1,2940,1944,96,134,0.7511082887649536,-1,-1,-1,1
37,-1,1982,1282,90,252,0.9980496168136597,-1,-1,-1,0
37,-1,2090,1988,108,138,0.9943178296089172,-1,-1,-1,1
37,-1,2184,1980,142,146,0.9942637085914612,-1,-1,-1,1
37,-1,1970,1974,122,150,0.9940527081489563,-1,-1,-1,1
37,-1,3052,1364,118,314,0.9930967688560486,-1,-1,-1,2
37,-1,2528,948,80,188,0.9923825860023499,-1,-1,-1,0
37,-1,2310,1968,142,156,0.9910624027252197,-1,-1,-1,1
37,-1,674,1912,156,174,0.984597384929657,-1,-1,-1,1
37,-1,2746,1226,104,398,0.9835981726646423,-1,-1,-1,1
37,-1,3204,1164,78,230,0.9790658950805664,-1,-1,-1,1
37,-1,2734,1102,70,226,0.9735594987869263,-1,-1,-1,1
37,-1,2774,1978,146,178,0.9686372876167297,-1,-1,-1,1
37,-1,1312,1944,114,140,0.9641389846801758,-1,-1,-1,1
37,-1,2958,1074,64,210,0.9579920768737793,-1,-1,-1,2
37,-1,3184,1892,122,146,0.9506252408027649,-1,-1,-1,1
37,-1,2932,1960,196,196,0.9382920861244202,-1,-1,-1,1
37,-1,1744,1956,146,168,0.9323469400405884,-1,-1,-1,1
37,-1,312,1860,98,146,0.9292598366737366,-1,-1,-1,1
37,-1,1714,1776,98,128,0.9276664853096008,-1,-1,-1,1
37,-1,3032,1930,144,118,0.9218323230743408,-1,-1,-1,1
37,-1,3654,1162,72,182,0.9169292449951172,-1,-1,-1,1
37,-1,2690,1138,60,198,0.9148429036140442,-1,-1,-1,2
37,-1,408,1866,104,160,0.9012152552604675,-1,-1,-1,1
37,-1,908,1996,94,88,0.892264723777771,-1,-1,-1,1
37,-1,1138,2010,82,90,0.8865452408790588,-1,-1,-1,1
37,-1,518,1956,204,196,0.882535457611084,-1,-1,-1,1
37,-1,2618,1128,106,238,0.8677486777305603,-1,-1,-1,1
37,-1,2686,1954,136,192,0.8597493767738342,-1,-1,-1,1
37,-1,202,1888,114,232,0.845956027507782,-1,-1,-1,1
37,-1,1028,1990,100,106,0.8379995822906494,-1,-1,-1,1
37,-1,168,1262,74,160,0.8257279396057129,-1,-1,-1,1
37,-1,1564,2056,124,78,0.8150619864463806,-1,-1,-1,1
37,-1,2594,1170,76,248,0.8116687536239624,-1,-1,-1,1
37,-1,2946,1944,98,134,0.8076700568199158,-1,-1,-1,1
37,-1,990,1974,76,116,0.8071088194847107,-1,-1,-1,1
37,-1,94,1326,76,118,0.7785434722900391,-1,-1,-1,1
37,-1,516,1944,92,102,0.7648354172706604,-1,-1,-1,1
38,-1,1982,1284,90,250,0.9981634020805359,-1,-1,-1,0
38,-1,2090,1988,108,138,0.9940302968025208,-1,-1,-1,1
38,-1,1970,1974,122,150,0.9939425587654114,-1,-1,-1,1
38,-1,2184,1982,140,142,0.9939145445823669,-1,-1,-1,1
38,-1,2530,948,76,188,0.9921963214874268,-1,-1,-1,0
38,-1,3052,1364,118,314,0.9921953678131104,-1,-1,-1,2
38,-1,2310,1968,144,158,0.991063117980957,-1,-1,-1,1
38,-1,676,1912,154,172,0.9857812523841858,-1,-1,-1,1
38,-1,3204,1162,78,230,0.9759435653686523,-1,-1,-1,1
38,-1,2760,1208,88,414,0.9738190770149231,-1,-1,-1,1
38,-1,2776,1980,144,176,0.9698156714439392,-1,-1,-1,1
38,-1,1312,1942,114,142,0.9651868939399719,-1,-1,-1,1
38,-1,2954,1072,66,206,0.9630686044692993,-1,-1,-1,2
38,-1,3184,1892,122,148,0.953720211982727,-1,-1,-1,1
38,-1,2736,1102,62,216,0.9515429735183716,-1,-1,-1,1
38,-1,2928,1960,202,196,0.9367038011550903,-1,-1,-1,1
38,-1,314,1860,96,146,0.9344879984855652,-1,-1,-1,1
38,-1,1714,1776,98,128,0.9259213805198669,-1,-1,-1,1
38,-1,2690,1136,62,196,0.9176445007324219,-1,-1,-1,2
38,-1,3034,1932,138,120,0.9157360196113586,-1,-1,-1,1
38,-1,1736,1958,142,162,0.908020555973053,-1,-1,-1,1
38,-1,406,1864,106,162,0.8982859253883362,-1,-1,-1,1
38,-1,908,1996,94,88,0.8893475532531738,-1,-1,-1,1
38,-1,1138,2012,82,88,0.8870614767074585,-1,-1,-1,1
38,-1,2686,1954,138,192,0.8721754550933838,-1,-1,-1,1
38,-1,3652,1156,78,186,0.8662304878234863,-1,-1,-1,1
38,-1,520,1948,144,206,0.861893355846405,-1,-1,-1,1
38,-1,2638,1126,80,210,0.8576580882072449,-1,-1,-1,1
38,-1,200,1886,116,236,0.8463435173034668,-1,-1,-1,1
38,-1,1028,1990,98,104,0.8370240330696106,-1,-1,-1,1
38,-1,168,1262,74,160,0.8208518028259277,-1,-1,-1,1
38,-1,1564,2056,124,78,0.8141048550605774,-1,-1,-1,1
38,-1,2594,1154,90,250,0.8113577961921692,-1,-1,-1,1
38,-1,990,1974,76,116,0.8017200827598572,-1,-1,-1,1
38,-1,96,1324,78,116,0.7844358086585999,-1,-1,-1,1
38,-1,518,1944,90,102,0.7826701402664185,-1,-1,-1,1
38,-1,2938,1944,100,134,0.7695249915122986,-1,-1,-1,1
39,-1,1982,1284,90,250,0.9984257221221924,-1,-1,-1,0
39,-1,3048,1362,122,316,0.9942124485969543,-1,-1,-1,2
39,-1,2090,1988,108,138,0.9940086603164673,-1,-1,-1,1
39,-1,2184,1982,140,144,0.9939987659454346,-1,-1,-1,1
39,-1,1970,1974,122,150,0.9937880635261536,-1,-1,-1,1
39,-1,2310,1968,144,158,0.9913609623908997,-1,-1,-1,1
39,-1,2534,958,72,178,0.9901551008224487,-1,-1,-1,0
39,-1,676,1912,154,174,0.9870982766151428,-1,-1,-1,1
39,-1,3204,1162,76,232,0.9763185381889343,-1,-1,-1,1
39,-1,1310,1944,118,140,0.9726006984710693,-1,-1,-1,1
39,-1,2774,1982,148,174,0.9720979928970337,-1,-1,-1,1
39,-1,2760,1180,90,450,0.9640468955039978,-1,-1,-1,1
39,-1,3184,1892,124,146,0.9547699689865112,-1,-1,-1,1
39,-1,2730,1102,68,234,0.9502530694007874,-1,-1,-1,1
39,-1,314,1856,94,156,0.9397897124290466,-1,-1,-1,1
39,-1,2926,1960,206,194,0.9394282102584839,-1,-1,-1,1
39,-1,1712,1780,102,126,0.9388265013694763,-1,-1,-1,1
39,-1,2952,1072,62,202,0.9299096465110779,-1,-1,-1,2
39,-1,3036,1932,136,120,0.9214698076248169,-1,-1,-1,1
39,-1,1736,1958,142,162,0.9141200184822083,-1,-1,-1,1
39,-1,2600,1126,116,262,0.8971037268638611,-1,-1,-1,1
39,-1,406,1866,104,158,0.8958544135093689,-1,-1,-1,1
39,-1,1138,2012,82,88,0.8899621367454529,-1,-1,-1,1
39,-1,910,1998,90,86,0.8869464993476868,-1,-1,-1,1
39,-1,3652,1156,70,188,0.8861443996429443,-1,-1,-1,1
39,-1,2688,1954,136,192,0.8824703693389893,-1,-1,-1,1
39,-1,2696,1132,66,214,0.8711801171302795,-1,-1,-1,2
39,-1,200,1884,118,238,0.8667988777160645,-1,-1,-1,1
39,-1,522,1948,138,204,0.8620023131370544,-1,-1,-1,1
39,-1,1028,1990,98,104,0.8433533310890198,-1,-1,-1,1
39,-1,1564,2056,124,78,0.8205920457839966,-1,-1,-1,1
39,-1,168,1258,76,166,0.8168215155601501,-1,-1,-1,1
39,-1,990,1974,76,116,0.8156396746635437,-1,-1,-1,1
39,-1,2938,1944,104,136,0.8075739145278931,-1,-1,-1,1
39,-1,518,1944,90,102,0.7945536971092224,-1,-1,-1,1
39,-1,94,1326,76,118,0.7907630801200867,-1,-1,-1,1
40,-1,1982,1284,90,250,0.9984281063079834,-1,-1,-1,0
40,-1,3048,1362,122,316,0.9942557215690613,-1,-1,-1,2
40,-1,2090,1988,108,138,0.9940154552459717,-1,-1,-1,1
40,-1,2184,1982,140,144,0.9940112233161926,-1,-1,-1,1
40,-1,1970,1974,122,150,0.9937521815299988,-1,-1,-1,1
40,-1,2310,1968,144,158,0.9914239048957825,-1,-1,-1,1
40,-1,2534,958,72,178,0.9902239441871643,-1,-1,-1,0
40,-1,674,1912,156,174,0.9871643781661987,-1,-1,-1,1
40,-1,3204,1162,78,230,0.9762342572212219,-1,-1,-1,1
40,-1,2758,1196,90,432,0.9761406183242798,-1,-1,-1,1
40,-1,2774,1982,148,174,0.9729217290878296,-1,-1,-1,1
40,-1,1310,1944,118,140,0.9721981883049011,-1,-1,-1,1
40,-1,3184,1892,124,146,0.954806387424469,-1,-1,-1,1
40,-1,2732,1102,66,234,0.9506516456604004,-1,-1,-1,1
40,-1,314,1856,94,156,0.9396544098854065,-1,-1,-1,1
40,-1,2926,1960,206,194,0.9390559196472168,-1,-1,-1,1
40,-1,1712,1780,102,126,0.9373120069503784,-1,-1,-1,1
40,-1,2952,1072,62,202,0.9338761568069458,-1,-1,-1,2
40,-1,3036,1932,136,120,0.9231091737747192,-1,-1,-1,1
40,-1,1736,1958,142,162,0.9108996391296387,-1,-1,-1,1
40,-1,2602,1126,114,262,0.8971117734909058,-1,-1,-1,1
40,-1,406,1866,104,158,0.8955639004707336,-1,-1,-1,1
40,-1,1138,2012,82,88,0.8897332549095154,-1,-1,-1,1
40,-1,910,1998,90,86,0.8879059553146362,-1,-1,-1,1
40,-1,3652,1156,70,188,0.8864113688468933,-1,-1,-1,1
40,-1,2688,1956,138,190,0.8834418654441833,-1,-1,-1,1
40,-1,2696,1132,66,214,0.8765785098075867,-1,-1,-1,2
40,-1,200,1884,118,238,0.8652432560920715,-1,-1,-1,1
40,-1,522,1948,138,204,0.8599839806556702,-1,-1,-1,1
40,-1,1028,1990,98,104,0.8441988229751587,-1,-1,-1,1
40,-1,1564,2056,124,78,0.8197422623634338,-1,-1,-1,1
40,-1,168,1258,76,166,0.8157379031181335,-1,-1,-1,1
40,-1,992,1974,74,116,0.815666139125824,-1,-1,-1,1
40,-1,518,1944,90,102,0.7954851984977722,-1,-1,-1,1
40,-1,94,1326,76,118,0.790077269077301,-1,-1,-1,1
40,-1,2940,1944,98,134,0.7821282744407654,-1,-1,-1,1
41,-1,1978,1284,96,252,0.9978203773498535,-1,-1,-1,0
41,-1,2184,1982,140,144,0.9939342141151428,-1,-1,-1,1
41,-1,2090,1988,108,138,0.9938414096832275,-1,-1,-1,1
41,-1,1970,1974,122,150,0.9937711358070374,-1,-1,-1,1
41,-1,2538,954,70,180,0.9916812777519226,-1,-1,-1,0
41,-1,2310,1968,144,158,0.9906817674636841,-1,-1,-1,1
41,-1,3052,1364,116,316,0.9902846217155457,-1,-1,-1,2
41,-1,676,1914,154,172,0.9871892333030701,-1,-1,-1,1
41,-1,3206,1164,74,230,0.977340817451477,-1,-1,-1,1
41,-1,1310,1944,118,142,0.9733195304870605,-1,-1,-1,1
41,-1,2772,1980,148,174,0.9663370847702026,-1,-1,-1,1
41,-1,2718,1108,78,228,0.9650428295135498,-1,-1,-1,1
41,-1,2760,1236,90,400,0.9620956182479858,-1,-1,-1,1
41,-1,3180,1894,128,146,0.9482679963111877,-1,-1,-1,1
41,-1,314,1856,94,158,0.9368236064910889,-1,-1,-1,1
41,-1,1714,1782,100,122,0.9363325238227844,-1,-1,-1,1
41,-1,1736,1958,142,164,0.9271039366722107,-1,-1,-1,1
41,-1,3036,1934,136,116,0.9181256294250488,-1,-1,-1,1
41,-1,2924,1960,212,194,0.9176217317581177,-1,-1,-1,1
41,-1,2602,1124,110,258,0.9048625826835632,-1,-1,-1,1
41,-1,3656,1164,70,180,0.8958442807197571,-1,-1,-1,1
41,-1,1138,2012,82,88,0.8945316076278687,-1,-1,-1,1
41,-1,404,1866,106,158,0.8891530632972717,-1,-1,-1,1
41,-1,2690,1956,130,146,0.8855620622634888,-1,-1,-1,1
41,-1,910,1998,90,86,0.8855059146881104,-1,-1,-1,1
41,-1,200,1884,118,238,0.8702090382575989,-1,-1,-1,1
41,-1,522,1948,138,204,0.8582503795623779,-1,-1,-1,1
41,-1,1028,1990,96,106,0.8440663814544678,-1,-1,-1,1
41,-1,1564,2056,122,78,0.8300495147705078,-1,-1,-1,1
41,-1,990,1974,76,116,0.8188430070877075,-1,-1,-1,1
41,-1,168,1258,74,166,0.8170878887176514,-1,-1,-1,1
41,-1,518,1942,90,104,0.8008100986480713,-1,-1,-1,1
41,-1,94,1326,78,118,0.7905846834182739,-1,-1,-1,1
41,-1,2938,1944,100,132,0.7852239608764648,-1,-1,-1,1
42,-1,1978,1282,98,254,0.9972023963928223,-1,-1,-1,0
42,-1,2184,1982,140,144,0.9942567944526672,-1,-1,-1,1
42,-1,2090,1988,108,138,0.9940815567970276,-1,-1,-1,1
42,-1,1970,1974,122,150,0.9939972162246704,-1,-1,-1,1
42,-1,2540,950,74,184,0.9911147356033325,-1,-1,-1,0
42,-1,2310,1968,144,158,0.9907089471817017,-1,-1,-1,1
42,-1,3054,1364,112,314,0.9895356297492981,-1,-1,-1,2
42,-1,674,1914,158,176,0.9875883460044861,-1,-1,-1,1
42,-1,3204,1164,76,230,0.9810390472412109,-1,-1,-1,1
42,-1,2766,1356,98,290,0.9758029580116272,-1,-1,-1,1
42,-1,1310,1944,118,140,0.9744303822517395,-1,-1,-1,1
42,-1,2774,1984,142,164,0.9664918184280396,-1,-1,-1,1
42,-1,2708,1108,88,242,0.9649691581726074,-1,-1,-1,2
42,-1,3182,1894,126,142,0.9565788507461548,-1,-1,-1,1
42,-1,1740,1952,136,172,0.9548969268798828,-1,-1,-1,1
42,-1,314,1856,96,158,0.9411473274230957,-1,-1,-1,1
42,-1,2924,1966,202,188,0.9410517811775208,-1,-1,-1,1
42,-1,3034,1930,142,118,0.9382830262184143,-1,-1,-1,1
42,-1,1712,1780,102,124,0.9372891783714294,-1,-1,-1,1
42,-1,3654,1158,72,182,0.9102545380592346,-1,-1,-1,1
42,-1,2768,1222,80,264,0.8980720639228821,-1,-1,-1,1
42,-1,1138,2012,82,88,0.8965359330177307,-1,-1,-1,1
42,-1,2702,1956,116,144,0.895552396774292,-1,-1,-1,1
42,-1,404,1866,106,158,0.894383430480957,-1,-1,-1,1
42,-1,910,1998,92,86,0.8929653763771057,-1,-1,-1,1
42,-1,2600,1122,112,270,0.8808644413948059,-1,-1,-1,1
42,-1,210,1884,104,232,0.8637017011642456,-1,-1,-1,1
42,-1,522,1946,132,204,0.8372524976730347,-1,-1,-1,1
42,-1,1028,1990,96,104,0.8357009291648865,-1,-1,-1,1
42,-1,990,1976,76,114,0.8243755102157593,-1,-1,-1,1
42,-1,1564,2058,122,76,0.8227294087409973,-1,-1,-1,1
42,-1,2944,1944,100,134,0.8195574879646301,-1,-1,-1,1
42,-1,518,1942,88,104,0.8148337006568909,-1,-1,-1,1
42,-1,168,1258,74,166,0.814719021320343,-1,-1,-1,1
42,-1,94,1326,78,118,0.7904769778251648,-1,-1,-1,1
42,-1,3542,1084,86,350,0.7787900567054749,-1,-1,-1,0
43,-1,1976,1286,98,250,0.9966277480125427,-1,-1,-1,0
43,-1,2184,1982,140,144,0.9942542910575867,-1,-1,-1,1
43,-1,1970,1974,122,150,0.9940028786659241,-1,-1,-1,1
43,-1,2090,1988,108,138,0.9939761161804199,-1,-1,-1,1
43,-1,2544,948,74,184,0.9917551279067993,-1,-1,-1,0
43,-1,2310,1968,144,160,0.9908623695373535,-1,-1,-1,1
43,-1,674,1914,158,176,0.9870412349700928,-1,-1,-1,1
43,-1,3052,1364,110,312,0.9858276844024658,-1,-1,-1,2
43,-1,2770,1388,108,260,0.9818795323371887,-1,-1,-1,1
43,-1,3204,1160,78,234,0.9811933040618896,-1,-1,-1,1
43,-1,1310,1944,118,142,0.9737915992736816,-1,-1,-1,1
43,-1,2772,1976,148,176,0.9719436764717102,-1,-1,-1,1
43,-1,3184,1894,120,142,0.9618602991104126,-1,-1,-1,1
43,-1,1740,1952,136,172,0.9578185081481934,-1,-1,-1,1
43,-1,2700,1102,92,266,0.9550514221191406,-1,-1,-1,2
43,-1,3034,1930,140,118,0.9523799419403076,-1,-1,-1,1
43,-1,314,1856,96,160,0.9453575015068054,-1,-1,-1,1
43,-1,2926,1968,190,186,0.9415212869644165,-1,-1,-1,1
43,-1,1712,1780,102,124,0.9365010261535645,-1,-1,-1,1
43,-1,2764,1222,86,256,0.9185618162155151,-1,-1,-1,1
43,-1,2940,1066,64,212,0.9141787886619568,-1,-1,-1,2
43,-1,2698,1954,120,148,0.9120059609413147,-1,-1,-1,1
43,-1,1140,2012,80,88,0.8946364521980286,-1,-1,-1,1
43,-1,910,1998,92,86,0.8939616680145264,-1,-1,-1,1
43,-1,3654,1158,74,180,0.8916108012199402,-1,-1,-1,1
43,-1,404,1866,106,158,0.8865606188774109,-1,-1,-1,1
43,-1,2602,1124,112,268,0.8812946081161499,-1,-1,-1,1
43,-1,202,1884,118,238,0.8693242073059082,-1,-1,-1,1
43,-1,522,1946,130,206,0.8410453200340271,-1,-1,-1,1
43,-1,2944,1944,100,132,0.8408255577087402,-1,-1,-1,1
43,-1,1028,1988,96,106,0.8361592292785645,-1,-1,-1,1
43,-1,990,1976,76,114,0.8222121000289917,-1,-1,-1,1
43,-1,162,1270,80,152,0.8216506838798523,-1,-1,-1,1
43,-1,1566,2058,120,76,0.8200460076332092,-1,-1,-1,1
43,-1,518,1942,88,104,0.8082314729690552,-1,-1,-1,1
43,-1,94,1326,78,118,0.7905693650245667,-1,-1,-1,1
44,-1,2184,1982,140,144,0.9942370653152466,-1,-1,-1,1
44,-1,2090,1988,108,138,0.993943989276886,-1,-1,-1,1
44,-1,1970,1974,122,150,0.9939431548118591,-1,-1,-1,1
44,-1,1974,1280,100,254,0.993898868560791,-1,-1,-1,0
44,-1,2772,1398,120,248,0.9926784038543701,-1,-1,-1,1
44,-1,2310,1968,144,160,0.9905952215194702,-1,-1,-1,1
44,-1,2550,948,68,182,0.9895192384719849,-1,-1,-1,0
44,-1,674,1914,158,176,0.9874716401100159,-1,-1,-1,1
44,-1,3058,1366,100,312,0.9819793701171875,-1,-1,-1,2
44,-1,2702,1104,94,270,0.9796590805053711,-1,-1,-1,2
44,-1,3202,1160,80,234,0.9780709147453308,-1,-1,-1,1
44,-1,1310,1944,118,142,0.974457859992981,-1,-1,-1,1
44,-1,2770,1976,148,176,0.9663240909576416,-1,-1,-1,1
44,-1,3184,1894,122,142,0.9595361948013306,-1,-1,-1,1
44,-1,1740,1950,136,174,0.9588279128074646,-1,-1,-1,1
44,-1,3040,1930,136,120,0.9582855105400085,-1,-1,-1,1
44,-1,312,1856,98,158,0.9385985136032104,-1,-1,-1,1
44,-1,1712,1780,102,124,0.936418890953064,-1,-1,-1,1
44,-1,2922,1968,194,186,0.935727059841156,-1,-1,-1,1
44,-1,2932,1070,70,208,0.9204879403114319,-1,-1,-1,2
44,-1,3654,1158,74,178,0.9039865136146545,-1,-1,-1,1
44,-1,410,1868,106,150,0.9012612700462341,-1,-1,-1,1
44,-1,910,1998,90,86,0.8951929807662964,-1,-1,-1,1
44,-1,1140,2014,80,88,0.8857533931732178,-1,-1,-1,1
44,-1,2770,1226,74,232,0.8775826692581177,-1,-1,-1,1
44,-1,200,1884,118,238,0.8752543926239014,-1,-1,-1,1
44,-1,2684,1952,154,164,0.8743723630905151,-1,-1,-1,1
44,-1,1028,1990,98,104,0.8417615294456482,-1,-1,-1,1
44,-1,522,1946,130,206,0.8404536247253418,-1,-1,-1,1
44,-1,168,1262,74,160,0.8326199054718018,-1,-1,-1,1
44,-1,984,1982,78,108,0.830566942691803,-1,-1,-1,1
44,-1,2932,1944,106,134,0.8217589259147644,-1,-1,-1,1
44,-1,1564,2056,122,78,0.8213505744934082,-1,-1,-1,1
44,-1,518,1942,88,104,0.8109020590782166,-1,-1,-1,1
44,-1,94,1326,78,118,0.8009629845619202,-1,-1,-1,1
44,-1,2600,1126,112,264,0.776775598526001,-1,-1,-1,1
44,-1,1246,2028,86,86,0.7559859156608582,-1,-1,-1,1
45,-1,2772,1402,128,246,0.9954990744590759,-1,-1,-1,1
45,-1,2184,1982,140,144,0.9943471550941467,-1,-1,-1,1
45,-1,1970,1974,122,150,0.9941739439964294,-1,-1,-1,1
45,-1,2090,1988,108,138,0.9941598176956177,-1,-1,-1,1
45,-1,2308,1968,144,160,0.9907785654067993,-1,-1,-1,1
45,-1,1974,1292,102,244,0.9874370098114014,-1,-1,-1,0
45,-1,2554,944,68,186,0.986586332321167,-1,-1,-1,0
45,-1,674,1914,156,174,0.9862188696861267,-1,-1,-1,1
45,-1,3058,1368,98,308,0.9821533560752869,-1,-1,-1,2
45,-1,2700,1106,92,282,0.9805948138237,-1,-1,-1,2
45,-1,3202,1160,80,234,0.9758554697036743,-1,-1,-1,1
45,-1,1310,1944,118,142,0.9740203619003296,-1,-1,-1,1
45,-1,2768,1982,144,162,0.9648039937019348,-1,-1,-1,1
45,-1,3184,1892,120,142,0.9644160866737366,-1,-1,-1,1
45,-1,1740,1950,136,172,0.9624823331832886,-1,-1,-1,1
45,-1,3036,1928,134,120,0.9597715735435486,-1,-1,-1,1
45,-1,2920,1970,196,184,0.9387180805206299,-1,-1,-1,1
45,-1,1712,1778,102,126,0.9371833205223083,-1,-1,-1,1
45,-1,310,1860,98,152,0.928162157535553,-1,-1,-1,1
45,-1,2768,1222,78,240,0.9201276898384094,-1,-1,-1,1
45,-1,3654,1158,74,178,0.9019309282302856,-1,-1,-1,1
45,-1,908,1996,92,88,0.901447594165802,-1,-1,-1,1
45,-1,2928,1076,72,200,0.8982185125350952,-1,-1,-1,2
45,-1,410,1868,108,150,0.8968100547790527,-1,-1,-1,1
45,-1,2686,1952,156,156,0.8890141844749451,-1,-1,-1,1
45,-1,1140,2016,82,86,0.8760253190994263,-1,-1,-1,1
45,-1,204,1884,114,236,0.8575181365013123,-1,-1,-1,1
45,-1,524,1948,134,204,0.851857602596283,-1,-1,-1,1
45,-1,1030,1990,96,104,0.8497830033302307,-1,-1,-1,1
45,-1,2602,1134,100,264,0.8318902254104614,-1,-1,-1,1
45,-1,162,1270,80,152,0.8292098641395569,-1,-1,-1,1
45,-1,990,1974,76,116,0.8252226710319519,-1,-1,-1,1
45,-1,2932,1944,106,132,0.8193081021308899,-1,-1,-1,1
45,-1,1564,2058,122,76,0.8145396113395691,-1,-1,-1,1
45,-1,518,1942,88,104,0.8080627918243408,-1,-1,-1,1
45,-1,94,1326,78,118,0.8032609224319458,-1,-1,-1,1
45,-1,1246,2028,86,86,0.7600008249282837,-1,-1,-1,1
46,-1,2772,1402,128,246,0.9955517649650574,-1,-1,-1,1
46,-1,2184,1982,140,144,0.9943467974662781,-1,-1,-1,1
46,-1,2090,1988,108,138,0.9941744208335876,-1,-1,-1,1
46,-1,1970,1974,122,150,0.9941635727882385,-1,-1,-1,1
46,-1,2308,1968,144,160,0.9907297492027283,-1,-1,-1,1
46,-1,1974,1292,102,244,0.9873626232147217,-1,-1,-1,0
46,-1,2554,944,66,186,0.9865950345993042,-1,-1,-1,0
46,-1,674,1914,156,174,0.9862022995948792,-1,-1,-1,1
46,-1,3058,1368,98,308,0.982023298740387,-1,-1,-1,2
46,-1,2700,1106,92,282,0.9809937477111816,-1,-1,-1,2
46,-1,3202,1160,80,234,0.9755504131317139,-1,-1,-1,1
46,-1,1310,1944,118,142,0.9740745425224304,-1,-1,-1,1
46,-1,2770,1980,142,176,0.9663710594177246,-1,-1,-1,1
46,-1,3184,1892,120,142,0.9640595316886902,-1,-1,-1,1
46,-1,1740,1950,136,172,0.9615899920463562,-1,-1,-1,1
46,-1,3036,1928,134,120,0.958417534828186,-1,-1,-1,1
46,-1,2920,1970,196,184,0.9373632669448853,-1,-1,-1,1
46,-1,1712,1778,102,126,0.9369418621063232,-1,-1,-1,1
46,-1,312,1856,98,158,0.925459086894989,-1,-1,-1,1
46,-1,2768,1220,78,242,0.92029869556427,-1,-1,-1,1
46,-1,3654,1158,74,178,0.9010769128799438,-1,-1,-1,1
46,-1,908,1996,92,88,0.9009835124015808,-1,-1,-1,1
46,-1,2928,1076,72,200,0.8957341909408569,-1,-1,-1,2
46,-1,410,1868,108,150,0.8954595923423767,-1,-1,-1,1
46,-1,2686,1952,156,156,0.8874011039733887,-1,-1,-1,1
46,-1,1140,2016,82,86,0.8769962787628174,-1,-1,-1,1
46,-1,204,1884,114,236,0.8572003245353699,-1,-1,-1,1
46,-1,524,1948,134,204,0.8517141938209534,-1,-1,-1,1
46,-1,1030,1990,96,104,0.8506337404251099,-1,-1,-1,1
46,-1,2602,1134,100,264,0.8346036672592163,-1,-1,-1,1
46,-1,162,1270,80,152,0.829164981842041,-1,-1,-1,1
46,-1,990,1974,76,116,0.8260484337806702,-1,-1,-1,1
46,-1,2932,1944,106,132,0.8168575763702393,-1,-1,-1,1
46,-1,1564,2058,122,76,0.8144299983978271,-1,-1,-1,1
46,-1,518,1942,88,104,0.8079452514648438,-1,-1,-1,1
46,-1,94,1326,78,118,0.8035452961921692,-1,-1,-1,1
46,-1,1246,2028,86,86,0.764180064201355,-1,-1,-1,1
47,-1,2764,1398,138,258,0.9978736639022827,-1,-1,-1,2
47,-1,1968,1970,124,156,0.9953014850616455,-1,-1,-1,1
47,-1,2184,1982,140,144,0.9943999648094177,-1,-1,-1,1
47,-1,2090,1988,108,138,0.9943408966064453,-1,-1,-1,1
47,-1,2308,1968,144,160,0.9908280372619629,-1,-1,-1,1
47,-1,1970,1292,104,246,0.9882794618606567,-1,-1,-1,0
47,-1,3058,1368,100,308,0.9882225394248962,-1,-1,-1,2
47,-1,2556,944,66,186,0.9881933331489563,-1,-1,-1,0
47,-1,672,1908,148,172,0.9853783845901489,-1,-1,-1,1
47,-1,3202,1164,78,230,0.9763807058334351,-1,-1,-1,1
47,-1,1310,1944,118,142,0.9728276133537292,-1,-1,-1,1
47,-1,1740,1950,136,172,0.9644212126731873,-1,-1,-1,1
47,-1,3184,1894,122,142,0.963868260383606,-1,-1,-1,1
47,-1,2706,1108,86,252,0.963493824005127,-1,-1,-1,2
47,-1,2766,1976,156,174,0.9584208130836487,-1,-1,-1,1
47,-1,3036,1928,134,120,0.9557628035545349,-1,-1,-1,1
47,-1,2768,1218,72,224,0.9377132058143616,-1,-1,-1,1
47,-1,1712,1780,102,124,0.935569703578949,-1,-1,-1,1
47,-1,2922,1074,80,202,0.9308827519416809,-1,-1,-1,2
47,-1,312,1856,98,158,0.9265002012252808,-1,-1,-1,1
47,-1,906,1996,94,88,0.9096242785453796,-1,-1,-1,1
47,-1,2920,1960,200,192,0.9075595140457153,-1,-1,-1,1
47,-1,410,1868,108,150,0.9033859372138977,-1,-1,-1,1
47,-1,2708,1948,110,134,0.8727527856826782,-1,-1,-1,1
47,-1,3654,1158,74,178,0.8710887432098389,-1,-1,-1,1
47,-1,1140,2018,82,84,0.8706694841384888,-1,-1,-1,1
47,-1,1030,1990,96,104,0.8522863388061523,-1,-1,-1,1
47,-1,524,1948,132,204,0.8498002886772156,-1,-1,-1,1
47,-1,210,1888,104,228,0.840202271938324,-1,-1,-1,1
47,-1,168,1264,74,158,0.8363819122314453,-1,-1,-1,1
47,-1,2664,1118,70,220,0.8341007828712463,-1,-1,-1,1
47,-1,990,1974,76,116,0.8278911709785461,-1,-1,-1,1
47,-1,518,1942,90,104,0.8244967460632324,-1,-1,-1,1
47,-1,1564,2056,122,78,0.8190360069274902,-1,-1,-1,1
47,-1,94,1326,78,118,0.8048739433288574,-1,-1,-1,1
47,-1,1632,1994,110,132,0.7950937747955322,-1,-1,-1,1
47,-1,2608,1156,74,244,0.7913140058517456,-1,-1,-1,1
47,-1,2940,1944,100,134,0.7866290211677551,-1,-1,-1,1
47,-1,1246,2028,86,86,0.7552680969238281,-1,-1,-1,1
48,-1,2774,1394,130,260,0.9971104860305786,-1,-1,-1,2
48,-1,1968,1970,124,154,0.9952528476715088,-1,-1,-1,1
48,-1,2184,1982,140,144,0.9944106936454773,-1,-1,-1,1
48,-1,2088,1988,110,136,0.9939746260643005,-1,-1,-1,1
48,-1,2308,1968,144,160,0.9910626411437988,-1,-1,-1,1
48,-1,1972,1294,98,242,0.990568995475769,-1,-1,-1,0
48,-1,3058,1366,100,310,0.9883434176445007,-1,-1,-1,2
48,-1,2560,946,62,186,0.9828665852546692,-1,-1,-1,0
48,-1,672,1910,148,168,0.9819099307060242,-1,-1,-1,1
48,-1,3202,1164,78,230,0.9767827391624451,-1,-1,-1,1
48,-1,2706,1114,88,268,0.9748708605766296,-1,-1,-1,2
48,-1,1310,1944,118,140,0.9725421667098999,-1,-1,-1,1
48,-1,2768,1212,68,228,0.9680706262588501,-1,-1,-1,1
48,-1,2768,1976,156,176,0.9677817225456238,-1,-1,-1,1
48,-1,3182,1898,124,136,0.9642021656036377,-1,-1,-1,1
48,-1,1740,1950,136,172,0.9638350009918213,-1,-1,-1,1
48,-1,3036,1928,134,120,0.9574286937713623,-1,-1,-1,1
